 0.118517 86004
 0.107659 86044
 0.093769 86084
 0.09568 86044
 0.098061 85945
 0.113213 86095
 0.122831 86100
 0.098971 86095
 0.136661 85943
 0.098239 86125
 0.105319 86138
 0.114235 86095
 0.098152 86085
 0.104169 85968
 0.098723 86085
 0.111979 86002
 0.093726 86046
 0.095494 86000
 0.104991 86140
 0.096341 86125
 0.100701 86098
 0.110199 85995
 0.098322 86028
 0.09752 86102
 0.105498 86062
 0.093457 86071
 0.101931 86129
 0.099127 86100
 0.10345 86061
 0.120212 86121
 0.098881 86029
 0.095521 86070
 0.096794 86092
 0.098211 86154
 0.114075 86025
 0.099293 86079
 0.093407 85968
 0.103279 85947
 0.10039 86123
 0.098337 85945
 0.100209 86125
 0.097045 86100
 0.095372 86122
 0.115555 86083
 0.093756 86119
 0.105633 86100
 0.100163 86095
 0.115302 86083
 0.135031 86125
 0.104488 86039
 0.101303 86097
 0.105642 86061
 0.098474 86085
 0.093883 86014
 0.115952 85969
 0.108584 85956
 0.110094 86026
 0.127976 86121
 0.112479 86129
 0.117565 86096
 0.142148 86003
 0.098322 85992
 0.100962 86064
 0.099445 86091
 0.102003 86100
 0.103146 86123
 0.103396 86100
 0.110867 86091
 0.096929 86048
 0.107658 86091
 0.105238 86077
 0.094593 85995
 0.100927 86004
 0.13231 86014
 0.104996 86079
 0.100663 85969
 0.101543 85953
 0.106848 85969
 0.112204 86081
 0.100542 85967
 0.100995 86129
 0.123224 86061
 0.103522 85981
 0.113733 86062
 0.105199 86116
 0.105156 86026
 0.09595 86067
 0.113053 86004
 0.10205 86002
 0.103586 86063
 0.098144 86017
 0.103394 86004
 0.099169 86116
 0.102458 86006
 0.091286 86116
 0.101399 86061
 0.098641 86132
 0.104561 86067
 0.099297 86132
 0.101488 86036
 0.092686 86139
 0.111237 86061
 0.098394 86127
 0.094389 85977
 0.102122 86017
 0.102619 85967
 0.103467 86081
 0.110507 86033
 0.106035 86088
 0.098317 86101
 0.096076 86138
 0.102915 86055
 0.098872 86072
 0.105362 86129
 0.116186 86072
 0.097456 86067
 0.099724 86072
 0.106237 86036
