4.193 2.90825
4.08118 2.67317
4.01554 2.3758
4.32639 2.3389
0 2.22621
0 0.644133
5.21216 2.56252
4.91146 2.2896
4.62521 1.97494
4.46246 1.89717
4.11527 1.85971
0 0.644133
5.2962 2.43214
4.98902 2.14335
4.69733 1.81866
4.52513 1.73503
4.16976 1.71651
0 0.644133
5.11602 2.80174
4.79172 2.55621
4.49292 2.25585
4.31189 2.20144
3.91354 2.12065
0 0.644133
5.56741 3.34723
5.2753 3.20616
4.92291 3.02358
4.76854 2.85377
4.65526 2.74807
5.40396 2.49574
0 2.87745
4.93436 2.63739
4.57928 2.37979
4.3686 2.15922
4.27932 2.10523
4.06059 1.98505
0 2.70227
2.81014 2.41539
2.47195 2.11308
2.21726 1.87113
2.2134 1.84277
2.20424 1.78069
4.3556 3.20165
4.08521 3.03573
3.76643 2.83871
3.55006 2.65404
3.51279 2.56184
3.42013 2.34748
0 3.9031
0 4.26127
0 4.68319
5.6089 4.65084
6.55322 4.31039
5.87375 3.55557
0 3.23404
0 3.44341
0 4.39925
4.96473 4.72593
6.14442 3.9067
5.4814 2.74614
0 2.96165
0 2.92706
0 3.90959
4.52999 4.77494
4.675 3.32482
4.74154 2.21907
0 3.7075
0 4.07686
0 4.6471
2.17724 4.67364
2.24438 4.2496
2.32431 3.37945
0 5.51891
0 5.06547
0 4.31631
0 3.96044
5.00649 4.05165
5.191 4.44156
0 5.94708
0 3.54531
0 3.15636
0 2.86575
0 2.8792
5.05822 3.02735
0 4.74252
0 3.0948
0 2.78488
0 2.50178
0 2.47558
4.98111 2.46968
0 5.65646
0 4.53602
0 3.9205
0 3.5943
5.02641 3.66901
4.77204 4.01669
0 4.79383
0 4.48794
0 4.15785
0 3.94683
0 3.8895
6.32056 3.8321
0 3.84032
0 3.67009
0 3.39948
0 3.22106
0 3.13647
6.34888 2.99019
0 3.59286
0 3.41727
0 3.14445
0 2.97028
0 2.87853
4.10897 2.70508
0 4.35634
0 4.19589
0 3.90193
0 3.70613
0 3.63973
4.00904 3.552
0 5.29321
0 4.89687
0 4.44906
0 4.39292
0 4.22465
0 4.0105
0 4.67161
0 4.29267
0 3.88323
0 3.78806
0 3.60999
0 3.36859
0 4.30922
0 3.98382
0 3.65972
0 3.56324
0 3.38895
0 3.14373
0 5.14854
0 4.7435
0 4.26503
0 4.19979
0 4.02604
0 3.80045
