centroid: 0.740456 0.0346183 0.850486
centroid: 0.740275 0.0346773 0.850848
centroid: 0.740344 0.0346292 0.850858
centroid: 0.738277 0.0345544 0.853803
centroid: 0.740301 0.0347604 0.850899
centroid: 0.740378 0.0347179 0.850872
centroid: 0.740357 0.034934 0.850914
centroid: 0.740287 0.0344555 0.850947
centroid: 0.740232 0.0347146 0.850361
centroid: 0.740283 0.0344266 0.850763
centroid: 0.740419 0.0347309 0.850953
centroid: 0.740375 0.0344868 0.851097
centroid: 0.74034 0.0347894 0.851107
centroid: 0.740271 0.0344804 0.851144
centroid: 0.740289 0.0346482 0.850836
centroid: 0.740381 0.0351411 0.850908
centroid: 0.740287 0.0349311 0.850994
centroid: 0.740217 0.0347212 0.850951
centroid: 0.740343 0.0346204 0.850983
centroid: 0.740387 0.0346997 0.850773
centroid: 0.738094 0.0339809 0.853971
centroid: 0.740118 0.0342061 0.850864
centroid: 0.74021 0.0346339 0.850894
centroid: 0.74019 0.03476 0.850852
centroid: 0.74024 0.0345522 0.850726
centroid: 0.740337 0.0347231 0.850865
centroid: 0.740296 0.03471 0.850376
centroid: 0.740282 0.0351274 0.850817
centroid: 0.740216 0.0343588 0.850889
centroid: 0.740209 0.0350528 0.850925
centroid: 0.74026 0.0350372 0.850959
centroid: 0.740202 0.0346531 0.850577
centroid: 0.740267 0.0350549 0.850871
centroid: 0.740177 0.0341868 0.850832
centroid: 0.740138 0.0346096 0.850846
centroid: 0.740224 0.0347649 0.85106
centroid: 0.740237 0.0349976 0.85087
centroid: 0.740211 0.0349162 0.850752
centroid: 0.740181 0.0349499 0.850387
centroid: 0.740197 0.0348878 0.850773
centroid: 0.740328 0.0347078 0.850904
centroid: 0.740287 0.0347097 0.850866
centroid: 0.740294 0.0345812 0.850997
centroid: 0.740065 0.0347241 0.850549
centroid: 0.74024 0.0346677 0.851047
centroid: 0.740321 0.0348996 0.851293
centroid: 0.740149 0.0346272 0.850466
centroid: 0.740254 0.0350797 0.850928
centroid: 0.740243 0.0345605 0.85086
centroid: 0.740296 0.0346761 0.851038
centroid: 0.740053 0.034352 0.850416
centroid: 0.740135 0.0346388 0.851066
centroid: 0.740261 0.0346053 0.850522
centroid: 0.740163 0.0347449 0.850594
centroid: 0.740274 0.0343613 0.850914
centroid: 0.74023 0.0344519 0.850929
centroid: 0.740203 0.0345282 0.851043
centroid: 0.74033 0.0346341 0.851054
centroid: 0.740221 0.0344188 0.850861
centroid: 0.740183 0.0342596 0.851078
centroid: 0.740112 0.0345966 0.850605
centroid: 0.740168 0.0345261 0.850966
centroid: 0.740072 0.0342809 0.85065
centroid: 0.740179 0.0347857 0.851011
centroid: 0.740145 0.0344525 0.851001
centroid: 0.740125 0.0342351 0.851023
centroid: 0.740205 0.034719 0.851172
centroid: 0.739963 0.0342182 0.850687
centroid: 0.73997 0.0345105 0.850694
centroid: 0.740191 0.0346627 0.851397
centroid: 0.740102 0.0346947 0.850622
centroid: 0.740198 0.0345404 0.850905
centroid: 0.740207 0.0345252 0.851065
centroid: 0.740114 0.0344249 0.850872
centroid: 0.740338 0.0346579 0.851028
centroid: 0.740239 0.0344275 0.851194
centroid: 0.639382 0.0872154 0.888855
centroid: 0.6545 0.0892433 0.888975
centroid: 0.740738 0.0334174 0.850763
centroid: 0.740488 0.0332739 0.850625
centroid: 0.740502 0.0329616 0.850746
centroid: 0.740686 0.0334587 0.85047
centroid: 0.740528 0.0329146 0.850619
centroid: 0.740713 0.0332839 0.850763
centroid: 0.740629 0.0335445 0.850951
centroid: 0.740683 0.0330402 0.851236
centroid: 0.74058 0.0332114 0.85045
centroid: 0.740684 0.0332513 0.851031
centroid: 0.740706 0.0333898 0.85063
centroid: 0.74055 0.0332308 0.850768
centroid: 0.740614 0.0330031 0.850732
centroid: 0.740637 0.0332412 0.850935
centroid: 0.740637 0.0332481 0.850622
centroid: 0.740692 0.0333472 0.850639
centroid: 0.740593 0.0331874 0.850543
centroid: 0.740691 0.0333094 0.850518
centroid: 0.740684 0.0332084 0.850977
centroid: 0.740671 0.0331996 0.85074
centroid: 0.740571 0.0329477 0.850838
centroid: 0.740731 0.0330947 0.850906
centroid: 0.740576 0.0331338 0.850834
centroid: 0.74073 0.0333416 0.850676
centroid: 0.74058 0.0328774 0.850806
centroid: 0.740589 0.0327549 0.85077
centroid: 0.740474 0.0331811 0.850619
centroid: 0.740337 0.0324628 0.8507
centroid: 0.740596 0.0330869 0.850528
centroid: 0.740471 0.032815 0.850825
centroid: 0.740529 0.033006 0.850894
centroid: 0.740663 0.0329831 0.851012
centroid: 0.740587 0.0333865 0.850681
centroid: 0.740519 0.0331611 0.850806
centroid: 0.740718 0.0331573 0.850424
centroid: 0.740708 0.0332698 0.850945
centroid: 0.740732 0.0331966 0.850779
centroid: 0.740626 0.0333047 0.85067
centroid: 0.740609 0.0332133 0.850624
centroid: 0.740585 0.0330735 0.850601
centroid: 0.740522 0.0324181 0.850741
centroid: 0.740611 0.0331448 0.850738
