centroid: 0.7552 0.0116543 0.855175
centroid: 0.755382 0.0118254 0.855213
centroid: 0.755831 0.0115558 0.855375
centroid: 0.755695 0.0116184 0.854966
centroid: 0.755148 0.0117765 0.854965
centroid: 0.755179 0.0116517 0.855387
centroid: 0.755203 0.0114103 0.854683
centroid: 0.755825 0.0117167 0.854877
centroid: 0.755738 0.0115442 0.854883
centroid: 0.755848 0.0112283 0.855129
centroid: 0.755109 0.011489 0.854929
centroid: 0.75582 0.011397 0.855348
centroid: 0.755546 0.0114513 0.854905
centroid: 0.755817 0.0117379 0.855357
centroid: 0.755767 0.0114278 0.855474
centroid: 0.755972 0.0115939 0.855159
centroid: 0.75611 0.0119077 0.855411
centroid: 0.755347 0.0114058 0.855354
centroid: 0.755895 0.0115636 0.855392
centroid: 0.75572 0.0117253 0.855262
centroid: 0.755215 0.0119448 0.855089
centroid: 0.755617 0.011657 0.854862
centroid: 0.755147 0.0118329 0.855199
centroid: 0.75592 0.0118351 0.855328
centroid: 0.755231 0.0117157 0.855023
centroid: 0.755619 0.0117147 0.855063
centroid: 0.755272 0.0117914 0.854919
centroid: 0.755186 0.011832 0.854898
centroid: 0.755616 0.0115584 0.854952
centroid: 0.755579 0.0116701 0.855155
centroid: 0.755558 0.0116798 0.855149
centroid: 0.755237 0.0115829 0.855359
centroid: 0.755244 0.0112737 0.854812
centroid: 0.755767 0.0115273 0.855227
centroid: 0.755206 0.0120487 0.855089
centroid: 0.755271 0.0118452 0.855106
centroid: 0.755197 0.0117756 0.854998
centroid: 0.755156 0.0117184 0.854528
centroid: 0.755161 0.0120135 0.854905
centroid: 0.754997 0.0118276 0.855043
centroid: 0.755316 0.011878 0.854728
centroid: 0.755782 0.0120996 0.855344
centroid: 0.755177 0.0117146 0.854611
centroid: 0.755272 0.0117103 0.85494
centroid: 0.755062 0.0118817 0.854978
centroid: 0.755442 0.0117138 0.855253
centroid: 0.755594 0.011932 0.854935
centroid: 0.755218 0.0117389 0.854881
centroid: 0.755216 0.01184 0.855093
centroid: 0.755651 0.0114635 0.854904
centroid: 0.75569 0.0118349 0.854908
centroid: 0.755544 0.0114687 0.854928
centroid: 0.755286 0.0117797 0.854908
centroid: 0.755895 0.0117314 0.855342
centroid: 0.755827 0.0115003 0.855777
centroid: 0.75583 0.0112359 0.855537
centroid: 0.755749 0.011548 0.855057
centroid: 0.755836 0.0117296 0.854718
centroid: 0.755924 0.0116319 0.855602
centroid: 0.755159 0.0119731 0.855029
centroid: 0.755899 0.0118093 0.855127
centroid: 0.755674 0.0118201 0.855043
centroid: 0.755668 0.0116378 0.855085
centroid: 0.755081 0.0117676 0.855227
centroid: 0.756066 0.0118594 0.85524
centroid: 0.755783 0.0115567 0.855258
centroid: 0.755896 0.0115804 0.855521
centroid: 0.755908 0.0118645 0.855651
centroid: 0.755895 0.0117458 0.855159
centroid: 0.755793 0.0116423 0.855417
centroid: 0.755897 0.0119363 0.854748
centroid: 0.75598 0.011737 0.855554
centroid: 0.755872 0.0118246 0.854864
centroid: 0.755938 0.0117888 0.855152
centroid: 0.755841 0.0116425 0.855096
centroid: 0.755837 0.0115035 0.85559
centroid: 0.755915 0.0117198 0.855201
centroid: 0.75602 0.01134 0.855424
centroid: 0.755913 0.0115856 0.85506
centroid: 0.755785 0.011464 0.854664
centroid: 0.755768 0.0116288 0.855288
centroid: 0.755697 0.0120307 0.855255
centroid: 0.755915 0.0116725 0.855334
centroid: 0.755251 0.0114828 0.854928
centroid: 0.755201 0.0113149 0.854713
centroid: 0.75525 0.0115344 0.855322
centroid: 0.755717 0.0117309 0.855341
centroid: 0.755893 0.0117829 0.85537
centroid: 0.755704 0.0115789 0.855023
centroid: 0.756012 0.0120759 0.855362
centroid: 0.755847 0.0117531 0.855301
centroid: 0.75608 0.0117663 0.855461
centroid: 0.755816 0.0117101 0.855144
centroid: 0.755789 0.0115685 0.855016
centroid: 0.755875 0.0118966 0.855259
centroid: 0.755633 0.0114565 0.854867
centroid: 0.75574 0.0116746 0.854679
centroid: 0.755713 0.0110419 0.855197
centroid: 0.754953 0.0115285 0.855063
centroid: 0.755555 0.0116136 0.854526
centroid: 0.75589 0.0116647 0.855072
centroid: 0.755827 0.0117333 0.855205
centroid: 0.755366 0.0116167 0.855205
centroid: 0.755953 0.0117982 0.854846
centroid: 0.755309 0.0116288 0.854812
centroid: 0.756132 0.0117644 0.855147
centroid: 0.755824 0.0119915 0.855196
centroid: 0.755806 0.0117694 0.855484
centroid: 0.755901 0.0116346 0.855201
centroid: 0.755862 0.0116035 0.855166
centroid: 0.755718 0.0118221 0.855235
centroid: 0.755839 0.0115002 0.855231
centroid: 0.75589 0.0117621 0.85521
centroid: 0.755827 0.0118644 0.855685
centroid: 0.755967 0.0118774 0.8556
centroid: 0.755734 0.0116675 0.855504
centroid: 0.755811 0.0117115 0.854943
centroid: 0.755778 0.0115352 0.85507
centroid: 0.755731 0.0114401 0.855341
centroid: 0.755741 0.0116 0.855542
centroid: 0.755189 0.0116062 0.855172
centroid: 0.75521 0.0113878 0.854594
centroid: 0.755864 0.0114534 0.85513
centroid: 0.755727 0.0115398 0.854899
centroid: 0.755695 0.0115914 0.855515
centroid: 0.755699 0.0120542 0.855487
centroid: 0.755683 0.0119052 0.855081
centroid: 0.755199 0.011764 0.85529
centroid: 0.75532 0.0116547 0.855236
centroid: 0.755807 0.0119938 0.85506
centroid: 0.75567 0.0115295 0.854793
centroid: 0.754957 0.011645 0.854807
centroid: 0.755523 0.0115712 0.854737
centroid: 0.755789 0.0119612 0.855679
centroid: 0.755015 0.0116067 0.855243
centroid: 0.755247 0.0117935 0.855473
centroid: 0.755781 0.0119127 0.855513
centroid: 0.755633 0.0118709 0.855475
centroid: 0.755593 0.0118509 0.855229
centroid: 0.755219 0.0118657 0.855304
centroid: 0.75578 0.0113748 0.855333
centroid: 0.755207 0.0115082 0.855337
centroid: 0.755257 0.011767 0.855213
centroid: 0.755759 0.0113985 0.85554
centroid: 0.755266 0.0116812 0.855323
centroid: 0.755219 0.0118375 0.855021
centroid: 0.755774 0.0116732 0.855368
centroid: 0.755727 0.0119317 0.855292
centroid: 0.756017 0.011814 0.8554
centroid: 0.75574 0.0116839 0.855484
centroid: 0.755715 0.0120473 0.855275
centroid: 0.755718 0.0114947 0.855052
centroid: 0.755844 0.0115123 0.854955
centroid: 0.755683 0.0117491 0.854933
centroid: 0.755859 0.0114339 0.855574
centroid: 0.755775 0.0115905 0.85557
centroid: 0.7558 0.0118776 0.85532
centroid: 0.755927 0.0115958 0.855544
centroid: 0.755575 0.0119017 0.855081
centroid: 0.75532 0.0116097 0.854992
centroid: 0.75508 0.0115355 0.854737
centroid: 0.755206 0.0116962 0.855503
centroid: 0.755722 0.0113644 0.854725
centroid: 0.755753 0.0119198 0.854962
centroid: 0.75559 0.0115935 0.85513
centroid: 0.75561 0.0118502 0.855112
centroid: 0.755554 0.0117889 0.855614
centroid: 0.755647 0.0115891 0.855122
centroid: 0.755712 0.0116336 0.85506
centroid: 0.755651 0.0116614 0.854756
centroid: 0.755698 0.0115792 0.855378
centroid: 0.755792 0.0116631 0.854788
centroid: 0.755097 0.0116152 0.855116
centroid: 0.755052 0.0119145 0.854975
centroid: 0.755395 0.0116374 0.855109
centroid: 0.755717 0.0114585 0.855468
centroid: 0.75518 0.0117053 0.855088
centroid: 0.75572 0.0118794 0.854912
centroid: 0.755597 0.0116607 0.854547
centroid: 0.75529 0.0118546 0.855198
centroid: 0.75578 0.0118044 0.855364
centroid: 0.755316 0.0116681 0.855514
centroid: 0.755726 0.011773 0.855157
centroid: 0.755713 0.0117435 0.855042
centroid: 0.755569 0.0115836 0.855265
centroid: 0.755179 0.0120654 0.854963
centroid: 0.755027 0.011738 0.855432
centroid: 0.755726 0.0114455 0.855523
centroid: 0.755116 0.0117227 0.855182
centroid: 0.755269 0.0116453 0.85546
centroid: 0.755825 0.0117101 0.855558
centroid: 0.755729 0.0118357 0.855331
centroid: 0.755794 0.0117845 0.85511
centroid: 0.75554 0.0118944 0.854435
centroid: 0.755607 0.0118242 0.855181
centroid: 0.755832 0.0119792 0.855649
centroid: 0.755755 0.0120023 0.855603
centroid: 0.755735 0.0117441 0.855534
centroid: 0.755667 0.0117594 0.855468
centroid: 0.755647 0.0118879 0.855301
centroid: 0.755657 0.0116855 0.855169
centroid: 0.755676 0.0116305 0.855567
centroid: 0.755737 0.0115847 0.855268
centroid: 0.755671 0.0113519 0.85525
centroid: 0.755025 0.0117965 0.854932
centroid: 0.755945 0.0116527 0.855517
centroid: 0.755669 0.0118402 0.854697
centroid: 0.755162 0.011797 0.855089
centroid: 0.755594 0.0120081 0.854988
centroid: 0.755596 0.0118342 0.854863
centroid: 0.755606 0.0120443 0.855252
centroid: 0.755227 0.0117184 0.855297
centroid: 0.75577 0.0117756 0.855433
centroid: 0.755199 0.0116671 0.854776
centroid: 0.755673 0.0117388 0.855157
centroid: 0.754987 0.0117449 0.854952
centroid: 0.755394 0.0118975 0.855372
centroid: 0.755201 0.0118793 0.855372
centroid: 0.755288 0.011592 0.855047
centroid: 0.754965 0.011735 0.85512
centroid: 0.755214 0.0114283 0.855284
centroid: 0.755735 0.0115885 0.855522
centroid: 0.755123 0.0117654 0.855176
centroid: 0.755116 0.0119799 0.854967
centroid: 0.755616 0.0116964 0.854642
centroid: 0.755666 0.0117057 0.854876
centroid: 0.75571 0.0117265 0.85489
centroid: 0.755139 0.0117998 0.855298
centroid: 0.755033 0.0117291 0.85478
centroid: 0.755107 0.0118089 0.855119
centroid: 0.755652 0.0115228 0.855285
centroid: 0.755747 0.011806 0.854855
centroid: 0.755051 0.0118208 0.854782
centroid: 0.75562 0.0116383 0.854953
centroid: 0.755266 0.0116967 0.855055
centroid: 0.755656 0.011399 0.855043
centroid: 0.755935 0.011672 0.855119
centroid: 0.755206 0.0117219 0.855014
centroid: 0.755731 0.0116966 0.85544
centroid: 0.755324 0.0115421 0.855595
centroid: 0.755824 0.0117753 0.855226
centroid: 0.755155 0.0118694 0.854497
centroid: 0.755879 0.0117155 0.855154
centroid: 0.755692 0.0117353 0.855554
centroid: 0.755401 0.0114424 0.855248
centroid: 0.755771 0.0116564 0.855325
centroid: 0.75594 0.0115731 0.855385
centroid: 0.755571 0.0117333 0.85533
centroid: 0.755324 0.0119195 0.854738
centroid: 0.755704 0.011721 0.855057
centroid: 0.755092 0.0117011 0.854935
centroid: 0.755641 0.0118154 0.855546
centroid: 0.755884 0.0116127 0.855487
centroid: 0.755954 0.0118586 0.855335
centroid: 0.75594 0.0115376 0.855419
centroid: 0.755125 0.0117899 0.854627
centroid: 0.755772 0.0116462 0.855249
centroid: 0.755164 0.011752 0.854544
centroid: 0.755846 0.011586 0.855238
centroid: 0.756094 0.0112927 0.854756
centroid: 0.755808 0.0115755 0.854998
centroid: 0.755931 0.0115471 0.854959
centroid: 0.756028 0.0115235 0.855406
centroid: 0.755855 0.0114789 0.855111
centroid: 0.75594 0.0116491 0.854995
centroid: 0.755831 0.0117243 0.855342
centroid: 0.75593 0.0117715 0.855599
centroid: 0.756005 0.0115241 0.855436
centroid: 0.755812 0.0119034 0.855616
centroid: 0.755898 0.0116263 0.855072
centroid: 0.756011 0.0117708 0.85529
centroid: 0.755723 0.011469 0.855246
centroid: 0.755308 0.01134 0.855352
centroid: 0.755754 0.011605 0.855701
centroid: 0.755615 0.0115626 0.855243
centroid: 0.755771 0.0115417 0.855353
centroid: 0.755639 0.0116008 0.855233
centroid: 0.756008 0.0118029 0.855263
centroid: 0.755791 0.0113835 0.854846
centroid: 0.755707 0.0114293 0.854958
centroid: 0.755625 0.0117258 0.854795
centroid: 0.755779 0.0116797 0.855116
centroid: 0.755821 0.011794 0.855089
centroid: 0.75587 0.0116238 0.855617
centroid: 0.755785 0.0117074 0.854757
centroid: 0.755862 0.0116546 0.854634
centroid: 0.755577 0.0114551 0.854964
centroid: 0.755958 0.0114935 0.855461
centroid: 0.755244 0.0118363 0.855172
centroid: 0.755849 0.0119908 0.85547
centroid: 0.755865 0.0117751 0.855489
centroid: 0.75519 0.011589 0.855156
centroid: 0.755759 0.0117491 0.854939
centroid: 0.755663 0.0116875 0.855363
centroid: 0.755757 0.0118181 0.855443
centroid: 0.755112 0.0119076 0.854575
centroid: 0.755166 0.0118825 0.855307
centroid: 0.754982 0.0116713 0.855202
centroid: 0.755889 0.0115431 0.855551
centroid: 0.75582 0.0117894 0.855154
