 0.0189192 0.0254007
 0.0175912 0.0202695
 0.0175825 0.0223442
 0.0213235 0.0215471
 0.0151734 0.022751
 0.0198619 0.0240266
 0.0213047 0.0215471
 0.0197974 0.0215485
 0.0183794 0.0197786
 0.0160827 0.0254007
 0.0168383 0.0200227
 0.0198495 0.0229415
 0.0183721 0.0230117
 0.022011 0.0230982
 0.0191721 0.0209275
 0.0154012 0.0230117
 0.0146072 0.0202695
 0.0183794 0.0223353
 0.0138617 0.0197771
 0.0182931 0.0197815
 0.0183735 0.0229667
 0.0213516 0.022118
 0.0174406 0.0197815
 0.0198544 0.0243376
 0.0168223 0.0227495
 0.0169303 0.0209156
 0.0168386 0.0243376
 0.0167829 0.0171605
 0.0183325 0.0209156
 0.0167889 0.019159
 0.0168297 0.0200005
 0.0174511 0.0197815
 0.0191664 0.0229667
 0.022011 0.022118
 0.0196394 0.0209156
 0.0176297 0.0229667
 0.0190359 0.022118
 0.0198137 0.0254007
 0.0204601 0.0215485
 0.0191219 0.0171605
 0.0198137 0.0212274
 0.019796 0.0229667
 0.0183709 0.0191427
 0.0176355 0.0197771
 0.0176355 0.0191605
 0.0176283 0.020929
 0.0146102 0.0197771
 0.0206063 0.0230982
 0.0176385 0.0238599
 0.0168045 0.01978
 0.0168415 0.022118
 0.0183605 0.0229667
 0.0198633 0.0188963
 0.0176222 0.019159
 0.0183809 0.0229667
 0.0191161 0.0227808
 0.0152918 0.0215471
 0.0190039 0.0238746
 0.017482 0.0212259
 0.0183172 0.0171605
 0.0175853 0.0208062
 0.0183201 0.0200257
 0.0204616 0.0171605
 0.018334 0.0208062
 0.0190493 0.0215485
 0.0183101 0.0240266
 0.0213546 0.0202651
 0.018375 0.0245046
 0.0168415 0.0223353
 0.0146102 0.0260277
 0.0160975 0.0238746
 0.0197915 0.0200257
 0.0183546 0.0191501
 0.0198108 0.019159
 0.0161408 0.0238732
 0.020466 0.0183707
 0.0204586 0.0215471
 0.0153064 0.0215485
 0.01684 0.0188963
 0.0213294 0.019159
 0.0153064 0.0200227
 0.0199103 0.0183707
 0.0204586 0.0254007
 0.0205604 0.0197815
 0.01684 0.0188963
 0.0206048 0.0208062
 0.0154012 0.0223294
 0.0191662 0.0260277
 0.0190359 0.0238746
 0.0183694 0.0243376
 0.0212909 0.022118
 0.0175853 0.0208062
 0.0198092 0.0200257
 0.018362 0.0197786
 0.0174879 0.0202651
 0.0183143 0.0245046
 0.0176355 0.0223353
 0.0154012 0.0197771
 0.0168356 0.0230982
 0.0168356 0.0230982
