 0.125542 0.130224
 0.123439 0.130221
 0.124984 0.130208
 0.125012 0.130205
 0.127957 0.128739
 0.124923 0.12798
 0.124884 0.130207
 0.125012 0.130207
 0.125539 0.12798
 0.124002 0.130213
 0.127028 0.130229
 0.126671 0.129447
 0.126368 0.130911
 0.12655 0.128759
 0.125185 0.130207
 0.12554 0.130204
 0.127037 0.130224
 0.126422 0.128766
 0.125676 0.129448
 0.1288 0.130223
 0.124977 0.128646
 0.128747 0.130207
 0.127262 0.130207
 0.124884 0.129448
 0.127263 0.130208
 0.126723 0.130223
 0.126016 0.129447
 0.124984 0.130208
 0.123649 0.130207
 0.125639 0.130221
 0.127263 0.130208
 0.1288 0.130205
 0.127079 0.130232
 0.124978 0.13023
 0.126422 0.128739
 0.124977 0.130207
 0.124882 0.130207
 0.126422 0.130207
 0.123439 0.130207
 0.124977 0.12798
 0.126422 0.128745
 0.125012 0.130207
 0.125012 0.128227
 0.127262 0.128737
 0.12642 0.130226
 0.124978 0.128225
 0.126422 0.130208
 0.125185 0.128739
 0.124977 0.130207
 0.126422 0.130911
 0.127079 0.129448
 0.124882 0.129447
 0.126417 0.129442
 0.125961 0.130229
 0.125542 0.128766
 0.126422 0.127982
 0.126547 0.129445
 0.124234 0.130207
 0.126422 0.130911
 0.126498 0.129445
 0.12554 0.130229
 0.12655 0.129448
 0.125185 0.130205
 0.127019 0.130226
 0.124004 0.129448
 0.127958 0.130207
 0.125185 0.128739
 0.126475 0.130207
 0.126422 0.128739
 0.125012 0.130207
 0.123475 0.130207
 0.127029 0.130229
 0.124978 0.129448
 0.124882 0.12798
 0.126422 0.130229
 0.125012 0.129448
 0.126723 0.129447
 0.125678 0.130911
 0.125012 0.130204
 0.12642 0.130207
 0.127961 0.128739
 0.123475 0.130207
 0.123475 0.13023
 0.130285 0.130207
 0.124978 0.129448
 0.127899 0.130207
 0.127923 0.129442
 0.127079 0.129445
 0.123442 0.128764
 0.124724 0.129448
 0.1288 0.130223
 0.127552 0.128625
 0.12549 0.130207
 0.127262 0.130223
 0.124884 0.130221
 0.125537 0.129448
 0.127958 0.127979
 0.125185 0.128743
 0.12554 0.127986
 0.127262 0.128737
 0.12642 0.130226
 0.127961 0.129448
 0.127262 0.128737
 0.124977 0.128739
 0.126515 0.129447
 0.127951 0.129447
