 0.0422987 0.0422161
 0.0431172 0.0466284
 0.0371634 0.0400101
 0.0459572 0.0367024
 0.0397097 0.0416915
 0.0357075 0.0385151
 0.0422987 0.0465135
 0.0416723 0.0466284
 0.0370674 0.0422119
 0.0442828 0.0369691
 0.0394142 0.0444293
 0.0359778 0.0377958
 0.0393944 0.0371578
 0.0402243 0.0385107
 0.0407313 0.040234
 0.0393944 0.0407355
 0.0408788 0.0431085
 0.0387794 0.0408466
 0.0383943 0.0394142
 0.0407269 0.038064
 0.0452012 0.0376356
 0.0383943 0.0379536
 0.0407269 0.038363
 0.0437521 0.0376356
 0.0429466 0.0411617
 0.0407255 0.037927
 0.0422901 0.0429444
 0.0438668 0.0422206
 0.0355482 0.0407313
 0.0373471 0.0398778
 0.0385068 0.0427839
 0.0400466 0.0372331
 0.0370634 0.0376436
 0.0367024 0.0422161
 0.0416915 0.0446767
 0.0385165 0.0442674
 0.0445536 0.0393119
 0.0424906 0.0402353
 0.0431407 0.040841
 0.043106 0.0393119
 0.0379371 0.0402353
 0.0404199 0.0364791
 0.0379043 0.0466284
 0.0385107 0.0422119
 0.0455027 0.0445619
 0.0395734 0.0379621
 0.038064 0.0400032
 0.040341 0.0369691
 0.0431046 0.0379621
 0.0392819 0.0400032
 0.0417901 0.0407327
 0.0366145 0.0393077
 0.0407285 0.0400032
 0.0417901 0.0407327
 0.0365089 0.0444293
 0.0369096 0.0420223
 0.0405729 0.0405722
 0.0402271 0.0415712
 0.0385238 0.0422987
 0.037792 0.0445619
 0.0407383 0.0422164
 0.0474517 0.0376356
 0.0383943 0.0379536
 0.0407269 0.038064
 0.0422901 0.0429444
 0.0423628 0.0411617
 0.0391203 0.038363
 0.0422901 0.0429444
 0.0431892 0.0451629
 0.0393119 0.0408507
 0.0402353 0.0393944
 0.0364791 0.0408788
 0.0413433 0.0402353
 0.0373471 0.0398778
 0.0366982 0.0422161
 0.0400578 0.0372331
 0.0402287 0.0376436
 0.043106 0.0407255
 0.0379371 0.0379508
 0.0370635 0.0443354
 0.0407327 0.038398
 0.0379708 0.0408493
 0.0422987 0.0465135
 0.0431172 0.0430974
 0.0370674 0.0422119
 0.0408466 0.0369691
 0.0395734 0.0379621
 0.0392833 0.0393902
 0.0442828 0.0445619
 0.0394142 0.0393077
 0.0391344 0.0400032
 0.0408466 0.0407327
 0.0366145 0.0444293
 0.0369096 0.0377958
 0.0393944 0.0431172
 0.0420879 0.0415712
 0.0408507 0.0378041
 0.0393944 0.0378099
 0.0406316 0.0415712
 0.0408507 0.0378041
 0.0394848 0.0431172
 0.0407229 0.0442633
 0.0378312 0.0378041
 0.0393944 0.0431172
 0.0392768 0.0431172
