 0.0906928 0.0882847
 0.0914562 0.090054
 0.0954763 0.0890502
 0.0889324 0.0942742
 0.088276 0.0876291
 0.0882157 0.089777
 0.0939773 0.0896478
 0.0868306 0.0896478
 0.0899077 0.0955068
 0.089066 0.0955068
 0.0932811 0.0942742
 0.0875477 0.0897827
 0.0919517 0.088325
 0.0877969 0.0919048
 0.0883237 0.0919048
 0.0859947 0.0905599
 0.0905542 0.0890502
 0.0892642 0.0900482
 0.0897381 0.0897827
 0.0889686 0.088325
 0.0933657 0.0896478
 0.0855762 0.0900498
 0.0888963 0.0884349
 0.0896537 0.0897279
 0.0932752 0.0942742
 0.0911385 0.0884304
 0.0875801 0.0898896
 0.0867581 0.0934783
 0.0897294 0.0897827
 0.091247 0.095498
 0.0876291 0.0911843
 0.0940606 0.0897365
 0.0875295 0.0876291
 0.0942742 0.0876013
 0.0867581 0.0934783
 0.0882086 0.0876291
 0.0942742 0.0892307
 0.0867581 0.0875662
 0.0874436 0.089066
 0.0934783 0.0955068
 0.0954763 0.0890685
 0.0890392 0.0876276
 0.0896634 0.0897857
 0.0891557 0.089777
 0.0947259 0.0896478
 0.087097 0.0900498
 0.0896303 0.0884304
 0.0891067 0.095498
 0.0918449 0.0896522
 0.0868028 0.0896522
 0.088276 0.0896522
 0.0970029 0.0911843
 0.0940606 0.0942742
 0.0954936 0.0882847
 0.0868569 0.0897294
 0.0905585 0.0934783
 0.0897294 0.0897827
 0.0919517 0.0892307
 0.0890573 0.0875096
 0.0940518 0.0875096
 0.0904171 0.0905599
 0.0876973 0.0911828
 0.0892642 0.0900482
 0.0882086 0.0897827
 0.0889686 0.089777
 0.0954981 0.0896478
 0.0848098 0.0900498
 0.0881299 0.0884349
 0.0888993 0.0905513
 0.0875111 0.0934725
 0.0890685 0.0940546
 0.0919517 0.0892307
 0.0898128 0.0875662
 0.0882042 0.0954777
 0.089735 0.089777
 0.0918449 0.0875096
 0.0884191 0.0875096
 0.0875096 0.0875096
 0.0954763 0.0969442
 0.0870956 0.0900498
 0.088276 0.0900498
 0.0947042 0.0911843
 0.0889324 0.0919193
 0.0896478 0.0882847
 0.0913516 0.0897294
 0.0882847 0.0906928
 0.0882042 0.0948175
 0.0947391 0.0905658
 0.0861083 0.0896522
 0.0883237 0.0900498
 0.088276 0.0915318
 0.0884206 0.0890502
 0.0897381 0.0897365
 0.0890473 0.0954981
 0.089735 0.089777
 0.0868043 0.0896478
 0.0875529 0.0919193
 0.0919136 0.0882847
 0.0913516 0.0898896
 0.0890467 0.0875662
 0.0883688 0.0875662
 0.0875096 0.090054
 0.0876291 0.090054
 0.0883237 0.090054
 0.088276 0.090054
 0.088276 0.090054
