 0.255516 0.231769
 0.25728 0.231774
 0.254346 0.231763
 0.254982 0.231783
 0.252913 0.231767
 0.253789 0.231766
 0.2533 0.23178
 0.255534 0.231764
 0.25403 0.231784
 0.252803 0.231235
 0.254333 0.231785
 0.254102 0.231235
 0.256014 0.231764
 0.252656 0.231785
 0.254758 0.231238
 0.254578 0.231782
 0.252842 0.231767
 0.254324 0.231781
 0.25403 0.231235
 0.254353 0.231784
 0.252651 0.231238
 0.254958 0.231238
 0.25691 0.231781
 0.250048 0.231764
 0.254985 0.231784
 0.255538 0.231776
 0.254978 0.231781
 0.253187 0.231766
 0.251977 0.231763
 0.254958 0.231783
 0.253473 0.231767
 0.25347 0.231769
 0.253266 0.23178
 0.253761 0.231783
 0.25403 0.231784
 0.254288 0.231235
 0.252959 0.231784
 0.256352 0.231235
 0.254326 0.231784
 0.253544 0.231234
 0.254958 0.23123
 0.253473 0.231784
 0.254384 0.231235
 0.252092 0.231785
 0.256352 0.231776
 0.2528 0.231784
 0.258263 0.231782
 0.252484 0.231784
 0.255055 0.231784
 0.252313 0.23122
 0.253815 0.231784
 0.255556 0.231782
 0.253756 0.231783
 0.254723 0.231766
 0.254315 0.231235
 0.252852 0.231784
 0.253238 0.231782
 0.253473 0.231781
 0.255541 0.231766
 0.254346 0.231763
 0.25347 0.231783
 0.253473 0.231767
 0.25359 0.231769
 0.2533 0.23178
 0.252274 0.231783
 0.25403 0.231784
 0.254288 0.231235
 0.254956 0.231784
 0.253467 0.231765
 0.254972 0.231781
 0.257273 0.231766
 0.254327 0.231763
 0.255046 0.231783
 0.254311 0.23122
 0.253541 0.231769
 0.2533 0.231782
 0.253544 0.231764
 0.253868 0.231774
 0.251503 0.231762
 0.254031 0.231783
 0.253589 0.231767
 0.254354 0.231784
 0.253233 0.231782
 0.2528 0.231784
 0.257323 0.231774
 0.254327 0.231766
 0.25347 0.231782
 0.254958 0.231767
 0.252636 0.231766
 0.2533 0.23178
 0.252274 0.231783
 0.253238 0.231766
 0.254423 0.23122
 0.252294 0.231766
 0.254139 0.231773
 0.255055 0.23123
 0.253237 0.231782
 0.253473 0.231767
 0.252414 0.231784
 0.256501 0.231782
 0.253761 0.231784
 0.258263 0.231782
 0.254327 0.231762
 0.253311 0.231781
 0.254418 0.231767
 0.252294 0.231766
 0.2533 0.23178
 0.2533 0.23178
