 -1.73428
 -3.42761
 -5.1257
 -2.37167
 0.0783386
 -0.0888672
 17.5343
 22.5667
 5.35378
 3.95617
 5.23862
 6.13939
 4.83047
 7.04884
 22.6927
 23.958
 -0.863426
 -0.854759
 -2.38573
 -0.543472
 7.23429
 26.3756
 -2.05854
 -0.525955
 -3.80472
 -2.63382
 -3.4239
 -1.61049
 -1.63177
 -2.79562
 -1.87581
 -2.40379
 -2.23287
 -0.89785
 -3.36349
 -3.08554
 -2.63944
 -2.6785
 -2.88235
 -1.96971
 -2.78713
 -2.19386
 -4.38782
 -4.8051
 -1.7019
 -3.02676
 -4.16743
 -2.78315
 -3.51059
 -2.75288
 -3.13137
 -3.09316
 -3.96557
 -5.35884
 -8.23671
 -3.80419
 -6.967
 -7.96502
 -6.7377
 -7.56709
 -3.57516
 -6.11372
 -5.55615
 -6.46529
 -7.61211
 -5.62173
 -7.10051
 -7.03902
 -7.8192
 -5.45972
 22.7065
 1.36415
 3.01751
 3.5359
 2.22675
 0.0700607
 4.51563
 1.00331
 3.02081
 1.86642
 1.52191
 2.26379
 2.35472
 1.54218
 2.92727
 2.23828
 11.1795
 13.7315
 -3.27741
 -3.60721
 -3.83958
 -4.15226
 -3.48104
 -2.42256
 -3.43824
 -4.43446
 -5.85049
 0.306549
 -3.04305
 -4.03658
 -4.01709
 -3.83712
 -3.09698
 -3.87429
 -4.38753
 -0.133568
 -3.0933
 -1.37828
 -2.88934
 -0.735092
 -4.86515
 -4.98418
 -4.38027
 -3.51099
 -1.09818
 -2.87952
 -3.60709
 -2.43929
 -4.61167
 -4.13465
 -5.28958
 -5.43894
 -4.86167
 -0.674973
 -0.884537
 -3.73895
 -3.46464
 -3.21543
 -4.00246
 -4.94646
 -4.42148
 -5.11051
 -4.80602
 -4.99617
 -3.78513
