 1.52383
 1.79349
 1.31052
 1.70009
 1.36795
 0.862152
 1.87926
 1.93854
 1.39278
 1.65604
 1.25434
 1.13507
 1.42746
 0.992172
 1.52516
 0.80648
 1.22364
 1.03255
 1.1273
 1.48051
 1.51531
 1.6935
 1.52954
 0.843315
 14.5285
 20.2688
 2.84804
 2.93149
 2.78725
 3.37152
 4.14481
 2.31777
 2.80608
 17.874
 19.492
 -1.15493
 -0.735947
 -1.0564
 -1.62434
 -0.786583
 -1.13622
 -1.18608
 -0.96994
 -0.637108
 -1.14336
 -1.04506
 -0.624649
 -0.99572
 -1.06789
 -1.33623
 -0.797478
 -1.32508
 0.283127
 -0.0784225
 -0.521172
 -1.11978
 -0.550613
 -1.29886
 -1.15357
 -1.03696
 -0.685806
 -1.31855
 -1.17761
 -1.16568
 -1.35647
 -1.5546
 -1.30742
 -1.12511
 -1.31959
 -0.879929
 -0.658852
 -1.08464
 -1.11831
 -0.698349
 -1.5511
 -1.45344
 -0.882599
 -2.10836
 -0.72776
 -1.09451
 -1.26081
 -1.47771
 -0.354797
 -0.765411
 -1.32898
 -0.970764
 -1.72012
 -0.99514
 -1.12018
 -2.15548
 -0.816833
 -1.47776
 -1.5111
 -1.0716
 -1.49014
 -2.17837
 -1.28819
 -0.837585
 -1.99497
 -1.9442
 -2.07886
 -1.87579
 -1.85929
 -1.0571
 -1.04399
