 0.471161
 0.813034
 0.772881
 0.778854
 0.862534
 0.856186
 0.609337
 0.805153
 0.725273
 0.709122
 0.737816
 0.717194
 0.780319
 0.744186
 0.792656
 0.770988
 0.778442
 0.814995
 0.784592
 0.735382
 0.844696
 0.72757
 0.781326
 0.708916
 0.782433
 0.731972
 0.805237
 0.773941
 0.872337
 0.760727
 0.818802
 0.831978
 0.786827
 0.846207
 0.831718
 0.819962
 0.784172
 0.735039
 0.846741
 0.772858
 0.707848
 0.735298
 0.863396
 0.841003
 0.750839
 0.788513
 0.863182
 0.718292
 0.787239
 0.806084
 0.773415
 0.775787
