 87.354 90.0
 87.572 90.0
 88.5537 90.0
 86.7318 90.0
 86.5944 90.0
 87.1315 90.0
 86.7225 90.0
 87.3842 90.0
 86.4475 90.0
 87.0764 90.0
 85.1366 90.0
 86.9232 90.0
 87.786 90.0
 87.762 90.0
 88.0115 90.0
 87.3307 90.0
 86.796 90.0
 85.6312 90.0
 87.2212 90.0
 85.8527 90.0
 86.49 90.0
 86.9597 90.0
 88.1464 90.0
 87.0193 90.0
 86.1981 90.0
 87.3589 90.0
 86.3594 90.0
 86.5028 90.0
 86.397 90.0
 86.7906 90.0
 87.5697 90.0
 85.9701 90.0
 87.038 90.0
 86.6847 90.0
 87.0187 90.0
 87.6418 90.0
 86.634 90.0
 86.8668 90.0
 87.2868 90.0
 87.8019 90.0
 85.0904 90.0
 87.8004 90.0
 86.0704 90.0
 86.4112 90.0
 86.1349 90.0
 86.5856 90.0
 86.5473 90.0
 86.6714 90.0
 86.3081 90.0
 86.2241 90.0
 86.508 90.0
 86.6215 90.0
 87.102 90.0
 87.5062 90.0
 86.5811 90.0
 86.5853 90.0
 85.861 90.0
 87.0241 90.0
 86.4577 90.0
 86.9239 90.0
 86.8348 90.0
 85.6112 90.0
 85.2729 90.0
 85.2424 90.0
 86.7673 90.0
 87.3297 90.0
 86.9032 90.0
 85.1791 90.0
 86.4043 90.0
 85.7818 90.0
 84.7713 90.0
 86.9866 90.0
 86.2919 90.0
 86.5511 90.0
 86.7144 90.0
 85.5044 90.0
 85.9694 90.0
 85.8011 90.0
 86.0993 90.0
 88.037 90.0
 86.3063 90.0
 86.6921 90.0
 87.6585 90.0
 87.2911 90.0
 86.7359 90.0
 85.7308 90.0
 86.597 90.0
 87.369 90.0
 85.6332 90.0
 86.6726 90.0
 87.8842 90.0
 86.975 90.0
 87.6266 90.0
 86.1225 90.0
 86.7847 90.0
 87.3498 90.0
 87.5671 90.0
 86.8229 90.0
 86.1053 90.0
 86.9948 90.0
 85.8794 90.0
 86.5846 90.0
 87.2734 90.0
 87.3528 90.0
 87.591 90.0
 87.4966 90.0
 87.1536 90.0
 87.6852 90.0
 87.7331 90.0
 87.7204 90.0
 86.5079 90.0
 86.5019 90.0
 86.9264 90.0
 88.3699 90.0
 88.3644 90.0
 87.12 90.0
 87.7221 90.0
 87.4907 90.0
 86.4251 90.0
 86.946 90.0
 87.8502 90.0
 87.0301 90.0
 87.4092 90.0
 87.7434 90.0
 88.4189 90.0
 87.2338 90.0
 86.341 90.0
 86.1694 90.0
 86.34 90.0
 86.6837 90.0
 87.2284 90.0
 87.3725 90.0
 86.0003 90.0
 86.4217 90.0
 86.5999 90.0
 87.5151 90.0
 85.8438 90.0
 85.7482 90.0
 86.3492 90.0
 87.6643 90.0
 87.6675 90.0
 87.5322 90.0
 87.0278 90.0
 86.5128 90.0
 86.6132 90.0
 86.9 90.0
 85.7689 90.0
 86.9663 90.0
 86.4155 90.0
 86.5335 90.0
 86.0604 90.0
 86.7778 90.0
 87.3066 90.0
 87.6748 90.0
 86.6733 90.0
 86.5659 90.0
 87.0637 90.0
 87.7953 90.0
 86.6729 90.0
 86.7407 90.0
 86.8507 90.0
 86.1253 90.0
 87.2365 90.0
 87.7563 90.0
 86.1969 90.0
 87.1689 90.0
 87.497 90.0
 87.526 90.0
 86.8072 90.0
 87.4249 90.0
 87.726 90.0
 86.196 90.0
 87.1187 90.0
 87.8659 90.0
 85.9101 90.0
 88.1486 90.0
 86.3626 90.0
 87.2026 90.0
 86.448 90.0
 87.4376 90.0
 87.6674 90.0
 87.9176 90.0
 87.431 90.0
 85.3584 90.0
 87.5307 90.0
 87.9674 90.0
 87.8387 90.0
 86.6946 90.0
 87.3828 90.0
 87.7814 90.0
 88.134 90.0
 86.8338 90.0
 85.5253 90.0
 88.2847 90.0
 87.8523 90.0
 87.8879 90.0
 86.6701 90.0
 88.6285 90.0
 87.3533 90.0
 87.7104 90.0
 85.322 90.0
 87.8232 90.0
 87.6512 90.0
 87.3546 90.0
 86.9053 90.0
 87.4986 90.0
 87.8401 90.0
 88.0855 90.0
 87.8967 90.0
 87.0545 90.0
 86.0472 90.0
 87.2431 90.0
 87.6609 90.0
 86.4291 90.0
 86.589 90.0
 86.8662 90.0
 86.8164 90.0
 86.6614 90.0
 86.8256 90.0
 85.7533 90.0
 86.8356 90.0
 85.3309 90.0
 87.1023 90.0
 86.0553 90.0
 87.5 90.0
 86.092 90.0
 85.9105 90.0
 86.5719 90.0
 85.954 90.0
 86.707 90.0
 86.3747 90.0
 87.2143 90.0
 86.3343 90.0
 85.3202 90.0
 85.4383 90.0
 86.7085 90.0
 85.94 90.0
 85.2751 90.0
 86.2986 90.0
 86.1005 90.0
 87.6304 90.0
 87.4247 90.0
 85.558 90.0
 85.4208 90.0
 86.8657 90.0
 86.7017 90.0
 86.6881 90.0
 86.234 90.0
 86.2987 90.0
 87.3084 90.0
 86.1626 90.0
 86.576 90.0
 88.1257 90.0
