 -89.7513
 89.7696
 -89.9573
 89.2933
 89.9542
 -89.8012
 89.9657
 -89.6623
 -89.3002
 89.5304
 89.9823
 -89.6276
 89.7196
 89.0643
 88.8057
 -89.3079
 -89.1569
 -89.6829
 89.1848
 -89.3446
 -89.8986
 -89.3484
 89.6677
 89.8509
 -89.8591
 89.7481
 -89.3609
 89.0331
 89.4255
 89.9006
 89.3717
 -89.1714
 -89.3772
 89.7764
 88.9247
 89.3933
 89.7338
 89.4453
 89.5005
 89.8224
 -89.7947
 89.0694
 89.6558
 89.7381
 -89.7015
 -88.8734
 -89.0922
 -89.7966
 -89.764
 -89.97
 -89.7362
 -89.5483
 89.3992
 -89.5043
 -89.7078
 -89.3208
 -89.5384
 -89.6351
 -88.9733
 89.9298
 -89.5074
 89.1305
 -89.2891
 89.7624
 89.5994
 -89.3247
 89.9874
 -89.8338
 89.56
 89.2211
 89.9666
 -89.5472
 89.5764
 -89.5113
 -89.9838
 -89.7582
 -89.5623
 -89.2727
 -89.3601
 -88.8238
 89.2021
 89.8686
 -89.8454
 89.6446
 89.5108
 89.2063
 -89.7152
 89.7122
 89.7282
 -89.8798
 88.7793
 -89.5031
 89.7385
 -89.9388
 -88.994
 -89.8684
 -89.8493
 -89.906
 89.8886
 -89.3714
 -89.4916
 89.6051
 89.5425
 -89.7611
 89.6461
 88.7837
 89.9653
 -89.7086
 -89.4234
 89.2848
 -89.6782
 89.2852
 -89.5414
 -89.6511
 88.904
 89.8045
 89.4997
 -89.3679
 89.5161
 88.958
 -89.3911
 89.7013
 -89.5135
 88.8663
 89.8463
 -89.4042
 -89.4988
 -89.7573
 -89.793
 89.9536
 89.9335
 -89.2066
 -89.2763
 -89.769
 89.9176
 89.2976
 89.8132
 89.8935
 -89.9132
 89.5201
 89.3974
 -88.9915
 -89.9389
 -89.8603
 -89.9801
 89.5741
 -89.3987
 89.884
 89.4769
 89.3085
 -89.0584
 89.9877
 -89.3231
 -89.5987
 89.6365
 89.5906
 89.9568
 89.2819
 88.0787
 87.8034
 88.9391
 -89.6646
 89.133
 88.955
 88.777
 87.6359
 89.24
 88.1194
 88.2741
 89.5357
 88.7761
 88.2513
 88.4656
 88.8485
 87.9567
 88.9975
 89.0699
 89.1111
 88.796
 88.273
 88.5863
 88.9717
 87.8225
 88.0056
 88.5204
 88.2485
 89.372
 88.5429
 89.8973
 89.8114
 88.7362
 88.5191
 88.6519
 88.9111
 89.2477
 88.9071
 89.1888
 89.0809
 88.5878
 88.7685
 89.159
 89.3258
 88.5844
 89.2545
 89.056
 89.6353
 89.2335
 89.7363
 -89.9442
 -89.6706
 89.4397
 89.069
 -89.1747
 89.752
 89.6765
 89.7123
 89.362
 89.4457
 -89.44
 89.6537
 89.7257
 -89.8844
 89.7651
 89.2641
 89.4151
 88.7504
 88.8294
 89.3538
 89.4316
 89.2393
 89.3154
 89.5288
 88.9021
 88.9364
 89.7782
 89.8338
 89.2466
 89.1142
 89.3597
 88.8846
 88.7036
 89.1674
 -89.9838
 -89.1949
 89.3052
 89.095
 88.3246
 88.7079
 89.6787
 88.8725
 89.6706
 88.852
 -89.0997
 89.7626
 -89.7596
 88.0748
 89.5732
 89.7121
 -89.8565
 89.8666
 89.7694
 89.7519
 -89.2252
 -89.5513
 -89.87
 89.6091
 89.8486
 -89.9435
 -88.9145
 89.0747
 -89.9486
 -89.7867
 89.5527
 89.8289
 -89.3852
 -89.8993
 89.1402
 89.8253
 -89.561
 89.483
 89.5792
 -89.505
 -89.5831
 -89.9068
 89.1762
 89.5218
 -89.9487
 89.5205
 89.6248
 -89.851
 89.875
 -89.9365
 -89.6903
 89.6898
 -89.8498
 89.4081
 89.7308
 89.7949
 89.9961
 89.8387
 89.5302
 -89.995
 -89.7631
 -89.8488
 -89.3196
 -89.9701
 89.9827
 -89.9761
 -89.4209
 -89.8561
 -89.5508
 89.7704
 -89.7093
 89.8358
 89.7841
 -89.7178
 89.8131
 -89.8497
 -89.6203
 -89.6325
 89.6932
 -89.7501
 89.2109
 89.2104
 89.9604
 89.7526
 89.6606
 -89.7562
 -89.8113
 -89.718
 89.3065
 -89.8705
 89.7804
 89.3713
 89.2649
 89.6268
 -89.5392
 89.6669
 89.7671
 -89.693
 89.6421
 88.4209
 88.4238
 88.4064
 88.116
 89.6266
 88.614
 88.003
 -89.793
 89.3029
 88.8803
 88.7007
 88.9629
 88.3824
 88.5896
 88.9774
 88.399
 88.8356
 87.8011
 89.0538
 89.5234
 89.2902
 88.808
 -89.9867
 89.2033
 -89.7699
 88.8185
 89.5151
 89.9019
 89.8324
 89.1333
 89.2813
 88.8698
 88.4669
 89.4241
 89.7341
 89.0746
 88.8664
 88.1655
 88.9048
 88.4192
 87.9604
 89.8017
 89.5546
 88.8734
 89.3992
 89.963
 -89.3235
 -89.8226
 89.7839
 88.9321
 -89.5537
 89.6639
 -89.7169
 -89.4355
 -89.3263
 -89.5615
 89.3497
 -89.3181
 89.9421
 88.9529
 89.6872
 -89.7418
 -88.7093
 89.7132
 -89.4281
 -89.6019
 -88.4818
 -88.8836
 -88.776
 -89.5382
 -88.9407
 -89.1394
 -88.9977
 89.917
 -89.2014
 -89.5144
 -88.6923
 -89.262
 -88.9787
 -88.8298
 -88.4499
 -89.2167
 -89.8525
 -89.2738
 89.9468
 89.8801
 -89.1947
 -88.6963
 -88.9358
 -88.5762
