85.4426 90
85.42194 90
82.6692 90
87.63361 90
83.02419 90
85.438 90
85.61211 90
86.88704 90
33.834 90
92.63377 90
95.77557 90
92.61009 90
91.98758 90
91.80131 90
92.89249 90
92.59577 90
91.3085 90
93.39739 90
94.09126 90
94.54192 90
94.03581 90
92.34158 90
93.23951 90
96.36048 90
92.61513 90
92.02854 90
90.37432 90
93.62697 90
89.713684 90
88.47766 90
94.32842 90
92.51836 90
90.519653 90
92.18945 90
95.16212 90
91.03123 90
94.5218 90
91.41122 90
89.389252 90
94.14053 90
91.54307 90
95.37782 90
94.33115 90
95.90588 90
92.79498 90
98.77283 90
94.04259 90
93.57007 90
94.83234 90
91.64902 90
95.12022 90
95.36282 90
94.46785 90
95.36286 90
95.51467 90
93.42167 90
94.25348 90
91.57251 90
97.20142 90
94.3018 90
92.46963 90
94.43864 90
93.58659 90
94.22849 90
93.81363 90
90.619835 90
93.76249 90
91.1229 90
92.66743 90
89.212097 90
94.9256 90
92.84615 90
92.04601 90
92.16027 90
95.1715 90
94.36151 90
94.68001 90
95.95128 90
93.24979 90
94.04813 90
95.25301 90
92.72147 90
91.16685 90
91.50163 90
92.57614 90
92.14618 90
95.58714 90
94.10452 90
93.51994 90
93.73074 90
91.93318 90
93.76559 90
92.27323 90
96.69908 90
89.537186 90
91.36855 90
93.91452 90
92.90922 90
92.70872 90
94.29407 90
96.23007 90
91.77177 90
90.852692 90
93.80587 90
92.31906 90
95.20927 90
88.82565 90
96.50769 90
94.08755 90
89.9670639 90
92.92304 90
91.85134 90
90.286179 90
90.777939 90
94.63318 90
96.60401 90
92.93951 90
91.84581 90
90.926208 90
91.71381 90
91.62847 90
91.73663 90
93.12393 90
95.85516 90
95.63744 90
89.430458 90
94.03163 90
89.9300385 90
93.43779 90
95.74446 90
94.62901 90
92.09856 90
92.06938 90
90.396309 90
93.77161 90
93.52717 90
92.20008 90
92.94344 90
94.37547 90
94.22198 90
92.1066 90
92.34473 90
96.36942 90
95.90626 90
90.988861 90
94.63999 90
91.89674 90
93.10511 90
96.08073 90
94.76654 90
92.74699 90
91.56037 90
94.17586 90
97.6693 90
94.83662 90
95.41775 90
92.11675 90
88.61003 90
93.5726 90
96.50119 90
95.15927 90
94.66258 90
96.04318 90
92.23661 90
94.58652 90
94.81429 90
90.871696 90
96.30782 90
98.45475 90
92.24551 90
92.49378 90
94.60739 90
90.757584 90
94.5509 90
94.42695 90
93.83355 90
94.95762 90
98.00392 90
93.2489 90
94.37805 90
92.20466 90
94.19966 90
94.23788 90
91.80183 90
93.97626 90
94.37733 90
95.88285 90
93.0947 90
93.08363 90
95.59843 90
93.23123 90
93.13675 90
95.40572 90
93.98457 90
95.64563 90
94.35899 90
96.16266 90
92.81875 90
93.73936 90
95.58399 90

