93.70004 90
92.81286 90
93.0252 90
93.40195 90
93.0179790
22.3283 90
88.61286 90
89.00885 90
88.29491 90
89.19989 90
89.504974 90
89.264053 90
88.81602 90
89.663223 90
88.94897 90
89.153481 90
89.48558 90
89.32666 90
89.396355 90
89.68573 90
88.78056 90
88.35926 90
88.6396 90
89.822281 90
88.87292 90
88.5777 90
89.113533 90
89.035164 90
89.381531 90
89.349846 90
88.6328 90
89.576744 90
89.306358 90
89.348099 90
88.44032 90
89.083298 90
89.204987 90
87.31921 90
88.61613 90
89.030548 90
88.38442 90
89.148941 90
89.35498 90
88.86423 90
87.97699 90
88.59642 90
89.018402 90
89.598404 90
89.044121 90
88.68582 90
89.009827 90
89.351326 90
89.390404 90
89.208755 90
88.70972 90
88.71127 90
88.4288 90
88.10781 90
88.68818 90
88.90986 90
89.726326 90
88.56007 90
88.68289 90
89.254227 90
88.30029 90
88.45951 90
88.99471 90
89.084984 90
88.74378 90
88.97167 90
89.410446 90
89.358963 90
89.159599 90
89.106964 90
88.46855 90
88.88376 90
88.64436 90
88.51701 90
88.71116 90
88.8744 90
88.40331 90
88.7428 90
88.7105 90
88.72884 90
88.9755 90
88.35277 90
88.7514 90
89.112411 90
89.11348 90
88.87841 90
88.95113 90
88.31225 90
88.70092 90
88.54881 90
89.314133 90
88.80901 90
89.231812 90
88.64523 90
88.61035 90
89.073311 90
88.36492 90
89.150307 90
88.66841 90
89.005173 90
88.87168 90
88.85947 90
89.432426 90
89.697678 90
88.31108 90
89.352936 90
89.9762192 90
89.315056 90
88.45012 90
88.86615 90
89.161713 90
90.282387 90
89.261223 90
89.887047 90
89.233307 90
89.801941 90
89.29554 90
88.78681 90
88.85573 90
89.01532 90
89.252144 90
88.79833 90
89.081787 90
88.89339 90
88.79469 90
89.135971 90
89.717743 90
89.260544 90
89.84108 90
89.103455 90
89.440727 90
89.3367 90
89.026878 90
89.434067 90
89.812637 90
88.87357 90
89.342117 90
89.677422 90
89.609955 90
88.14569 90
89.432838 90
89.251228 90
89.292168 90
89.500092 90
89.357254 90
88.69405 90
89.406425 90
89.156586 90
89.309669 90
89.603203 90
89.418488 90
88.55088 90
89.131523 90
90.0735779 90
88.7462 90
