 -80.8185 90.0
 -82.6356 90.0
 -79.4579 90.0
 -80.0844 90.0
 -69.4837 90.0
 -69.2872 90.0
 2.5309 90.0
 -87.6635 90.0
 2.0225 90.0
 2.30716 90.0
 2.06388 90.0
 1.9464 90.0
 1.98199 90.0
 1.88406 90.0
 1.91842 90.0
 -64.0756 90.0
 -1.56923 90.0
 -1.55074 90.0
 -1.41212 90.0
 -1.3189 90.0
 -1.30858 90.0
 -71.6539 90.0
 4.22566 90.0
 3.82769 90.0
 3.82156 90.0
 3.63663 90.0
 3.673 90.0
 -85.8547 90.0
 -67.7411 90.0
 3.36452 90.0
 3.69598 90.0
 4.16355 90.0
 4.68636 90.0
 3.8738 90.0
 4.1769 90.0
 -85.3785 90.0
 -62.5 90.0
 -60.6058 90.0
 87.4618 90.0
 87.789 90.0
 87.8721 90.0
 -1.8781 90.0
 88.2398 90.0
 -1.2373 90.0
 -1.29836 90.0
 88.2185 90.0
 -0.762268 90.0
 -2.16678 90.0
 -2.16965 90.0
 -1.63517 90.0
 -1.30266 90.0
 -2.11784 90.0
 -0.579826 90.0
 -1.32304 90.0
 -2.45612 90.0
 -1.97075 90.0
 -2.25091 90.0
 87.9546 90.0
 -2.3942 90.0
 -2.16103 90.0
 -1.2148 90.0
 -2.24628 90.0
 88.1346 90.0
 -2.15735 90.0
 88.0964 90.0
 88.4952 90.0
 -2.30561 90.0
 88.337 90.0
 -2.16129 90.0
 -2.07133 90.0
 88.5402 90.0
 88.5202 90.0
 88.3806 90.0
 88.122 90.0
 88.4511 90.0
 -1.04997 90.0
 88.4286 90.0
 88.6308 90.0
 88.4946 90.0
 88.4194 90.0
 88.4951 90.0
 88.4962 90.0
 -1.98789 90.0
 -1.41644 90.0
 88.4381 90.0
 -1.89848 90.0
 -2.1097 90.0
 -1.16376 90.0
 88.2267 90.0
 -1.22646 90.0
 -1.31816 90.0
 -1.08736 90.0
 88.5512 90.0
 -2.23155 90.0
 -1.16061 90.0
 -1.32011 90.0
 -1.16526 90.0
 88.5991 90.0
 -2.32892 90.0
 88.8472 90.0
 88.8915 90.0
 88.6598 90.0
 -1.38381 90.0
 88.2674 90.0
 -2.47127 90.0
 88.6989 90.0
 88.4588 90.0
 88.179 90.0
 88.4681 90.0
 88.5838 90.0
 88.3931 90.0
 88.726 90.0
 -2.2489 90.0
 88.5748 90.0
 -2.26541 90.0
 88.5183 90.0
 88.6687 90.0
 88.5879 90.0
 -2.14763 90.0
 -2.30561 90.0
 -1.78635 90.0
 -1.78644 90.0
 -2.27785 90.0
 -2.09782 90.0
 88.6718 90.0
 88.434 90.0
 -1.24587 90.0
 -1.24584 90.0
 -1.96952 90.0
 88.1743 90.0
 -2.11018 90.0
 -1.37786 90.0
 -1.50759 90.0
 -2.01414 90.0
 -1.46374 90.0
 -1.42651 90.0
 -1.36783 90.0
 88.3096 90.0
 87.9417 90.0
 88.5081 90.0
 88.324 90.0
 88.2425 90.0
 -2.16975 90.0
 88.3588 90.0
 87.9565 90.0
 -2.27373 90.0
 88.6099 90.0
 88.3888 90.0
 -0.119415 90.0
 88.3318 90.0
 88.3342 90.0
 88.3532 90.0
 88.0477 90.0
 88.375 90.0
 87.9719 90.0
 88.1878 90.0
 -1.20345 90.0
 88.3095 90.0
 88.0912 90.0
 88.2672 90.0
 88.3643 90.0
 -1.32221 90.0
 -1.21165 90.0
 88.185 90.0
 0.496384 90.0
 88.4012 90.0
 87.6684 90.0
 88.0533 90.0
 0.313858 90.0
 88.2759 90.0
 -1.46866 90.0
 88.2589 90.0
 -1.60975 90.0
 -1.16538 90.0
 88.5921 90.0
 88.3197 90.0
 88.6341 90.0
 88.3502 90.0
 88.3726 90.0
 87.9874 90.0
 -1.76271 90.0
 88.3752 90.0
 -1.80306 90.0
 88.3093 90.0
 -1.15759 90.0
 -1.50809 90.0
 87.9767 90.0
 -1.42286 90.0
