 -1.32574
 -1.78227
 -3.17595
 -6.45277
 41.5994
 43.0603
 41.909
 41.0447
 42.1089
 42.7316
 40.4517
 43.7615
 41.2099
 42.5592
 42.0262
 39.5662
 40.7361
 42.0521
 40.7892
 39.6153
 41.1862
 41.6548
 42.196
 41.4536
 43.4511
 40.9611
 42.5458
 38.9035
 41.7933
 40.1966
 42.9107
 43.239
 41.9503
 43.0309
 42.9915
 43.7309
 42.2985
 41.6904
 41.4529
 42.4743
 42.9559
 41.8951
 43.0378
 41.856
 42.1782
 42.4958
 42.0393
 42.754
 42.8597
 46.3246
 42.278
 42.2977
 42.5703
 42.4149
 46.577
 39.1901
 41.4674
 42.0257
 43.9417
 46.2537
 43.5406
 42.2282
 45.9954
 41.1481
 42.288
 41.7118
 41.7989
 41.1011
 41.8112
 42.9116
 42.0738
 40.2867
 36.6721
 41.3406
 42.8214
 44.1879
 44.1638
 41.185
 41.6402
 42.8598
 41.0717
 42.3343
 44.8905
 41.9426
 40.4883
 41.8396
 41.3462
 41.0449
 43.105
 41.0959
 46.1653
 40.4643
 40.452
 40.6537
 41.504
 40.2516
 40.7809
 41.0836
 47.381
 40.784
 40.8677
 39.3738
 41.3907
 41.7592
 42.6312
 41.3389
 40.3266
 41.2384
 42.9519
 39.8679
 39.3504
 42.6463
 39.6968
 42.0476
 39.864
 39.3043
 40.0428
 40.3031
 40.4895
 40.3819
 40.0184
 42.8154
 39.5259
 40.6006
 39.9618
 40.4464
 42.1588
 46.2522
 43.324
 42.4406
 37.5849
 39.7694
 41.974
 40.4082
 46.5787
 41.829
 38.4678
 44.8988
 40.21
 46.6579
 40.8952
 41.9927
 41.3607
 44.6348
 41.41
 42.0149
 47.1041
 42.3206
 40.3874
 40.3904
 41.5572
 42.5745
 41.4366
 39.9188
 40.7829
 40.0681
 45.4389
 41.7825
 40.5055
 40.8316
 38.8884
 42.788
 41.7259
 41.4218
 40.4469
 42.3759
 42.7552
 39.2811
 41.1121
 40.6172
 41.9522
 40.9138
 42.1908
 42.9047
 42.2436
 41.7374
 41.543
 41.7502
 40.7985
 43.5394
 42.8159
 42.922
 42.6485
 43.0333
 37.5334
 47.7612
 42.0395
 42.5769
 41.1251
 42.7799
 42.4126
 45.1393
 41.3765
 41.2102
 42.1348
 42.6414
 43.9728
 45.7589
 40.85
 42.1759
 36.0482
 40.9228
 42.0967
 42.7712
 41.6014
 40.1676
 41.4692
 41.4264
 42.7214
 46.1855
 45.7838
 47.1785
 47.1847
 41.7334
 42.4449
 41.6103
 40.6586
 41.9006
 41.7659
 42.8059
 43.4329
 42.4618
 42.5375
 41.4652
 40.1507
 46.0404
 41.3742
 41.2122
 41.6315
 41.9721
 42.0902
 41.8659
 41.7507
 41.4887
 42.4272
 41.1884
 40.0624
 40.6574
 41.4622
 41.6321
 41.9916
 40.9505
 41.8392
 41.8506
 40.048
 40.8482
 40.5977
 41.7672
 41.3841
 46.2948
 41.7737
 40.3322
 40.3177
 41.0456
 41.2188
 42.1539
 47.49
 42.0812
 40.4334
 42.4647
 46.7743
 42.5519
 46.9708
 46.1949
 42.4084
 40.7566
 41.4121
 41.5222
 41.9878
 41.7685
 39.8564
 42.0851
 41.7834
 41.392
 45.5234
 41.0152
 40.9357
 41.961
 40.7547
 41.8788
 41.3475
 38.6491
 40.7343
 43.0489
 42.2301
 41.9536
 40.7816
 41.0305
 42.2642
 46.7096
 39.6254
 41.676
 41.1991
 40.3164
 40.2353
 41.7598
 39.7122
 43.01
 41.2572
 41.5576
 39.5489
 40.1946
 39.9007
 40.5748
 40.4909
 39.8903
 39.985
 42.8093
 42.1904
 41.2606
 44.1833
 41.8445
 46.8901
 39.963
 40.1293
 41.5065
 47.4073
 43.0926
 41.8561
 41.8345
 46.4574
 42.7184
 45.6947
 42.4138
 45.2122
 41.5955
 42.8618
 41.7087
 42.3818
 41.9534
 45.4706
 43.2206
 45.1421
 42.6421
 46.4881
 46.1093
 42.7797
 40.6594
 46.2856
 43.2762
 40.5473
 46.8028
 45.2506
 45.4414
 45.7087
 45.5304
 46.338
 47.1256
 46.4513
 45.3342
 44.6979
 40.6115
 45.9441
 40.5067
 40.0153
 46.7212
 42.4952
 39.7804
 40.4329
 40.8702
 40.6893
 41.3459
 41.0098
 40.1261
 46.4121
 46.8702
 41.2702
 41.7077
 46.2667
 45.5614
 46.8252
 47.7269
 42.4133
 41.4086
 40.7012
 41.7206
 40.4944
 46.9225
 41.4788
 41.0969
 45.3512
 39.8633
 41.1936
 40.9861
 41.3886
 40.3125
 41.7205
 41.7312
 41.5271
 41.9668
 41.8587
 43.3601
 41.6328
 40.3418
 41.9946
 42.6925
 40.5912
 42.4869
 41.9337
 41.9068
 45.9724
 43.509
 42.1669
 47.7264
 46.8759
 47.5229
 46.847
 42.859
 48.638
 42.1483
