 50.0061 45.0
 50.1991 45.0
 49.8372 45.0
 50.0254 45.0
 50.334 45.0
 50.3018 45.0
 38.2491 45.0
 27.1379 45.0
 45.7975 45.0
 45.9077 45.0
 45.9411 45.0
 46.0744 45.0
 45.894 45.0
 46.0284 45.0
 -48.0636 45.0
 -36.5253 45.0
 -45.5367 45.0
 -45.5436 45.0
 -45.5201 45.0
 -45.4707 45.0
 -45.4915 45.0
 -45.4716 45.0
 -45.4878 45.0
 -45.4824 45.0
 -45.4631 45.0
 -45.48 45.0
 -45.4763 45.0
 -45.4629 45.0
 -45.4658 45.0
 -45.4534 45.0
 -45.4703 45.0
 -45.4771 45.0
 -45.4301 45.0
 -45.4422 45.0
 -45.4529 45.0
 -45.4366 45.0
 -45.4528 45.0
 -45.4673 45.0
 -45.452 45.0
 -45.5303 45.0
 -45.414 45.0
 -50.3629 45.0
 -45.6488 45.0
 -45.6341 45.0
 -45.6045 45.0
 -45.5377 45.0
 -45.5647 45.0
 -45.5511 45.0
 -45.6294 45.0
 -45.704 45.0
 -45.6499 45.0
 -45.5811 45.0
 -45.6261 45.0
 -45.6631 45.0
 -45.676 45.0
 -45.6534 45.0
 -45.5356 45.0
 -45.6466 45.0
 -45.6738 45.0
 -45.4814 45.0
 -45.6291 45.0
 -45.7868 45.0
 -45.6186 45.0
 -45.7514 45.0
 -45.58 45.0
 -45.7291 45.0
 -45.6706 45.0
 -45.6504 45.0
 -45.6444 45.0
 -45.6327 45.0
 -45.6847 45.0
 -45.7011 45.0
 -45.6339 45.0
 -45.7311 45.0
 -45.691 45.0
 -45.5345 45.0
 -45.6246 45.0
 -45.4587 45.0
 -45.6478 45.0
 -45.5259 45.0
 -45.5707 45.0
 -45.5547 45.0
 -45.5526 45.0
 -45.5459 45.0
 -45.6522 45.0
 -45.6178 45.0
 -45.5757 45.0
 -45.6776 45.0
 -45.5591 45.0
 -45.5433 45.0
 -45.5958 45.0
 -45.6742 45.0
 -45.5737 45.0
 -45.5032 45.0
 -45.569 45.0
 -45.5785 45.0
 -45.6253 45.0
 -45.6497 45.0
 -45.5737 45.0
 -45.5116 45.0
 -45.3637 45.0
 -45.6674 45.0
 -45.537 45.0
 -45.6569 45.0
 -45.7153 45.0
 -45.6599 45.0
 -45.6885 45.0
 -45.5988 45.0
 -45.4425 45.0
 -45.6873 45.0
 -45.5727 45.0
 -45.5894 45.0
 -45.6839 45.0
 -45.532 45.0
 -45.5734 45.0
 -45.5325 45.0
 -45.6656 45.0
 -45.7146 45.0
 -45.5842 45.0
 -45.6247 45.0
 -45.5573 45.0
