 39.8149 45.0
 39.0428 45.0
 38.5388 45.0
 36.3376 45.0
 39.0167 45.0
 40.8251 45.0
 37.7988 45.0
 40.058 45.0
 40.277 45.0
 37.9879 45.0
 -31.2728 45.0
 -28.6563 45.0
 40.2607 45.0
 38.9136 45.0
 42.2638 45.0
 41.6692 45.0
 40.8256 45.0
 40.7475 45.0
 42.395 45.0
 42.0673 45.0
 38.6454 45.0
 40.3775 45.0
 37.3844 45.0
 39.8452 45.0
 39.8319 45.0
 39.7441 45.0
 40.506 45.0
 40.9843 45.0
 40.495 45.0
 38.6686 45.0
 40.2584 45.0
 39.6754 45.0
 39.0415 45.0
 41.3186 45.0
 42.925 45.0
 40.6071 45.0
 40.9574 45.0
 41.7508 45.0
 42.4457 45.0
 41.0456 45.0
 41.9026 45.0
 43.4058 45.0
 41.8049 45.0
 41.086 45.0
 41.3229 45.0
 40.1613 45.0
 44.3452 45.0
 40.5622 45.0
 40.1542 45.0
 43.3191 45.0
 41.5568 45.0
 38.1608 45.0
 42.5488 45.0
 41.1282 45.0
 39.2714 45.0
 39.8571 45.0
 39.9028 45.0
 42.5515 45.0
 40.6351 45.0
 40.9299 45.0
 39.1689 45.0
 40.3997 45.0
 41.5257 45.0
 41.4863 45.0
 40.4379 45.0
 41.5462 45.0
 40.9308 45.0
 39.7704 45.0
 40.6378 45.0
 39.4059 45.0
 38.9158 45.0
 39.4134 45.0
 40.2829 45.0
 40.3622 45.0
 41.8169 45.0
 39.8893 45.0
 37.1524 45.0
 38.3365 45.0
 41.1786 45.0
 42.0779 45.0
 41.8216 45.0
 40.8235 45.0
 42.6591 45.0
 40.1014 45.0
 42.3575 45.0
 42.2246 45.0
 44.3617 45.0
 43.5744 45.0
 41.3644 45.0
 40.345 45.0
 42.0727 45.0
 40.7784 45.0
 40.274 45.0
 42.8599 45.0
 39.0629 45.0
 41.9538 45.0
 41.7769 45.0
 43.2528 45.0
 41.7269 45.0
 38.4022 45.0
 40.0412 45.0
 41.0872 45.0
 41.8165 45.0
 39.052 45.0
 39.8872 45.0
 41.5857 45.0
 41.0051 45.0
 40.7563 45.0
 42.4789 45.0
 41.7505 45.0
 40.819 45.0
 43.8885 45.0
 43.4729 45.0
 43.1188 45.0
 39.3702 45.0
 41.798 45.0
 39.072 45.0
 40.9451 45.0
 42.6187 45.0
 39.4261 45.0
 40.5625 45.0
 40.0165 45.0
 39.3555 45.0
 37.9459 45.0
 37.4366 45.0
 40.5341 45.0
 40.8217 45.0
 40.178 45.0
 43.0299 45.0
 41.3472 45.0
 43.7268 45.0
 41.6885 45.0
 44.3725 45.0
 44.3183 45.0
 40.9334 45.0
 41.042 45.0
 42.5889 45.0
 42.888 45.0
 40.4717 45.0
 41.0071 45.0
 41.3875 45.0
 41.6521 45.0
 42.7589 45.0
 41.5473 45.0
 40.1273 45.0
 41.6442 45.0
 40.8887 45.0
 40.7836 45.0
 38.945 45.0
 43.7946 45.0
 43.5262 45.0
 40.9901 45.0
 38.7671 45.0
 40.4119 45.0
 42.6838 45.0
 41.8704 45.0
 41.8634 45.0
 45.0102 45.0
 42.9119 45.0
 40.4312 45.0
 42.6257 45.0
 41.1532 45.0
 41.8362 45.0
 41.8107 45.0
 44.9412 45.0
 43.4271 45.0
 39.5994 45.0
 43.3539 45.0
 40.7815 45.0
 42.5658 45.0
 41.5606 45.0
 42.9215 45.0
 42.6596 45.0
 43.5827 45.0
 42.4731 45.0
 43.1941 45.0
 40.656 45.0
 43.1358 45.0
 43.3252 45.0
 43.1994 45.0
 44.0888 45.0
 42.51 45.0
 42.4509 45.0
 42.2733 45.0
 44.5024 45.0
 43.3645 45.0
 42.2157 45.0
 41.8805 45.0
 43.4705 45.0
 41.8247 45.0
 42.6057 45.0
 42.4787 45.0
 39.3618 45.0
 42.8 45.0
 43.9893 45.0
 42.1216 45.0
 41.9736 45.0
 39.2948 45.0
 42.5702 45.0
 39.7036 45.0
 43.6542 45.0
