 40.0817 45.0
 41.6625 45.0
 40.6368 45.0
 41.5669 45.0
 41.565 45.0
 -34.9699 45.0
 50.2834 45.0
 49.4857 45.0
 50.0007 45.0
 49.7134 45.0
 49.6183 45.0
 -29.1707 45.0
 39.6483 45.0
 40.3232 45.0
 40.0478 45.0
 39.8149 45.0
 40.3114 45.0
 39.2633 45.0
 39.6457 45.0
 39.5647 45.0
 -42.898 45.0
 45.2032 45.0
 44.2557 45.0
 44.7146 45.0
 44.8878 45.0
 45.7899 45.0
 45.4067 45.0
 45.6212 45.0
 44.6684 45.0
 44.5291 45.0
 45.3622 45.0
 44.3348 45.0
 45.3724 45.0
 44.9046 45.0
 45.7146 45.0
 44.7875 45.0
 45.7232 45.0
 45.1577 45.0
 44.0849 45.0
 44.8401 45.0
 45.8486 45.0
 45.2026 45.0
 44.9423 45.0
 45.6616 45.0
 45.0532 45.0
 45.7097 45.0
 45.3623 45.0
 45.149 45.0
 44.6252 45.0
 45.2128 45.0
 46.2066 45.0
 45.2238 45.0
 45.5668 45.0
 44.7891 45.0
 45.6932 45.0
 46.0656 45.0
 44.4328 45.0
 44.9406 45.0
 44.8425 45.0
 44.7204 45.0
 45.199 45.0
 45.6477 45.0
 44.8493 45.0
 44.8135 45.0
 44.4504 45.0
 45.2564 45.0
 44.8497 45.0
 45.4764 45.0
 44.9768 45.0
 44.8522 45.0
 45.1501 45.0
 44.5823 45.0
 45.3357 45.0
 44.9418 45.0
 44.801 45.0
 45.283 45.0
 45.0235 45.0
 45.1303 45.0
 45.0655 45.0
 45.3247 45.0
 45.0882 45.0
 45.3035 45.0
 45.1811 45.0
 45.3285 45.0
 45.1174 45.0
 45.0808 45.0
 45.1421 45.0
 44.6528 45.0
 45.5812 45.0
 45.2488 45.0
 44.7153 45.0
 44.6881 45.0
 45.3329 45.0
 45.4336 45.0
 45.4674 45.0
 44.7076 45.0
 45.1131 45.0
 45.0889 45.0
 44.8752 45.0
 44.9503 45.0
 44.9521 45.0
 44.7817 45.0
 45.0187 45.0
 45.195 45.0
 44.8405 45.0
 44.2975 45.0
 44.8781 45.0
 45.022 45.0
 44.1615 45.0
 44.9729 45.0
 45.3123 45.0
 44.9698 45.0
 45.5751 45.0
 45.2094 45.0
 44.6693 45.0
 45.4051 45.0
 43.2734 45.0
 44.8098 45.0
 44.9447 45.0
 45.5107 45.0
 44.741 45.0
 45.2776 45.0
 45.0485 45.0
 44.9675 45.0
 44.3735 45.0
 44.6888 45.0
 44.8895 45.0
 45.2391 45.0
 45.0411 45.0
 44.5883 45.0
 44.9602 45.0
 45.0232 45.0
 44.9676 45.0
 44.7919 45.0
 45.6789 45.0
 45.0801 45.0
 45.5509 45.0
 44.7011 45.0
 44.9667 45.0
 44.5028 45.0
 44.9893 45.0
 45.5971 45.0
 44.7899 45.0
 44.875 45.0
 44.5851 45.0
 44.3413 45.0
 44.7124 45.0
 44.4665 45.0
 44.7867 45.0
 44.6931 45.0
 44.8593 45.0
 44.6286 45.0
 44.0231 45.0
 43.8761 45.0
 44.4575 45.0
 44.8337 45.0
 44.3359 45.0
 44.5697 45.0
 43.6206 45.0
 44.2514 45.0
 44.5186 45.0
 44.5672 45.0
 44.4965 45.0
 44.3452 45.0
 44.5198 45.0
 44.1751 45.0
 44.0494 45.0
 44.6064 45.0
 43.9714 45.0
 43.0726 45.0
 44.2151 45.0
 44.3311 45.0
 44.234 45.0
 43.6219 45.0
 43.5469 45.0
 45.0909 45.0
 44.2799 45.0
 44.3515 45.0
 43.3131 45.0
 44.9641 45.0
 44.5347 45.0
 44.1566 45.0
 43.9176 45.0
 43.756 45.0
 43.4528 45.0
 44.3766 45.0
 44.0995 45.0
 44.3346 45.0
 43.9318 45.0
 44.098 45.0
 44.7745 45.0
 44.7025 45.0
 44.5499 45.0
 44.4799 45.0
 44.3728 45.0
 44.3187 45.0
 44.5276 45.0
 44.7009 45.0
 44.8053 45.0
 44.6359 45.0
 44.7758 45.0
 45.1861 45.0
 44.1893 45.0
 44.5237 45.0
 44.1422 45.0
 43.6294 45.0
 43.985 45.0
 44.8942 45.0
 44.3623 45.0
 44.7209 45.0
 44.8612 45.0
 44.7527 45.0
 43.2762 45.0
 43.4227 45.0
 44.8395 45.0
 44.651 45.0
 45.2099 45.0
 44.6599 45.0
 44.5115 45.0
 44.9054 45.0
 44.9148 45.0
 44.9288 45.0
 44.3013 45.0
 44.7163 45.0
 45.1206 45.0
 45.2512 45.0
 44.3441 45.0
 43.7376 45.0
 44.8416 45.0
 44.63 45.0
 44.307 45.0
 44.6128 45.0
 44.5853 45.0
 44.5394 45.0
 44.5326 45.0
 44.0947 45.0
 44.8592 45.0
 44.7949 45.0
 44.6487 45.0
 44.4672 45.0
 44.718 45.0
 44.5751 45.0
 44.8545 45.0
 44.1713 45.0
 44.0989 45.0
 44.2962 45.0
 44.8874 45.0
