 43.0176 45.0
 46.678 45.0
 45.4516 45.0
 45.5388 45.0
 47.1691 45.0
 44.7802 45.0
 46.9888 45.0
 44.8624 45.0
 47.4836 45.0
 47.2492 45.0
 46.6377 45.0
 46.205 45.0
 44.7466 45.0
 44.8398 45.0
 46.0881 45.0
 45.8798 45.0
 46.55 45.0
 44.5666 45.0
 47.343 45.0
 43.7253 45.0
 46.2286 45.0
 46.9278 45.0
 46.9851 45.0
 47.448 45.0
 46.8633 45.0
 43.9386 45.0
 48.6878 45.0
 43.7356 45.0
 48.3357 45.0
 47.2294 45.0
 44.3367 45.0
 48.3433 45.0
 47.7914 45.0
 46.3753 45.0
 46.523 45.0
 45.673 45.0
 45.4617 45.0
 46.8458 45.0
 47.8142 45.0
 47.1099 45.0
 47.1505 45.0
 46.3195 45.0
 46.2054 45.0
 45.0292 45.0
 48.0821 45.0
 47.426 45.0
 46.2551 45.0
 46.5826 45.0
 48.2049 45.0
 47.5609 45.0
 45.9451 45.0
 47.1452 45.0
 46.2248 45.0
 46.1564 45.0
 46.2799 45.0
 45.1567 45.0
 44.6122 45.0
 47.5894 45.0
 49.344 45.0
 46.0075 45.0
 44.6607 45.0
 47.2122 45.0
 46.9619 45.0
 47.82 45.0
 44.4606 45.0
 47.9234 45.0
 47.3987 45.0
 45.8326 45.0
 47.9743 45.0
 44.5682 45.0
 48.0152 45.0
 47.9848 45.0
 46.5962 45.0
 48.1774 45.0
 48.0668 45.0
 46.6857 45.0
 46.8684 45.0
 47.755 45.0
 46.6718 45.0
 46.1677 45.0
 47.4953 45.0
 47.2641 45.0
 45.7374 45.0
 46.6423 45.0
 45.8326 45.0
 46.1688 45.0
 48.1027 45.0
 47.595 45.0
 48.1 45.0
 46.9913 45.0
 48.4403 45.0
 45.8969 45.0
 48.6628 45.0
 47.1312 45.0
 46.6733 45.0
 49.66 45.0
 46.6257 45.0
 46.3999 45.0
 45.2911 45.0
 47.6995 45.0
 46.3745 45.0
 46.3131 45.0
 48.2656 45.0
 46.087 45.0
 45.4162 45.0
 47.3583 45.0
 46.8031 45.0
 47.3223 45.0
 44.7275 45.0
 45.8757 45.0
 47.3684 45.0
 48.2739 45.0
 45.6055 45.0
 47.577 45.0
 46.7279 45.0
 48.1778 45.0
 49.7986 45.0
 47.6469 45.0
 46.2295 45.0
 48.457 45.0
 46.3332 45.0
 47.5937 45.0
 46.5675 45.0
 46.9341 45.0
 45.8596 45.0
 46.795 45.0
 47.8765 45.0
 44.5057 45.0
 48.0707 45.0
 45.3257 45.0
 46.9984 45.0
 46.745 45.0
 47.2635 45.0
 47.5757 45.0
 44.3434 45.0
 47.5933 45.0
 45.6604 45.0
