 5.06812
 5.02925
 5.04856
 5.05236
 5.05329
 5.04252
 5.04948
 5.04718
 5.03744
 5.05506
 5.06698
 5.04644
 5.05713
 5.06868
 5.05194
 5.06018
 5.05683
 5.04877
 5.06471
 5.04413
 5.04469
 5.05496
 5.04799
 5.02718
 5.03627
 5.04458
 5.05417
 5.04114
 5.05371
 5.05228
 5.04821
 5.06175
 5.06407
 5.04165
 5.03057
 5.04994
 5.04713
 5.04249
 5.04244
 5.03972
 5.05588
 5.05251
 5.05847
 5.04998
 5.05204
 5.04678
 5.04645
 5.04476
 5.04385
 5.03641
 5.0576
 5.0475
 5.06248
 5.02897
 5.03849
 5.05629
 5.03867
 5.05556
 5.05355
 5.06105
 5.06144
 5.05336
 5.05538
 5.04101
 5.03319
 5.04579
 5.06509
 5.06716
 5.05916
 5.06587
 5.05076
 5.03892
 5.05332
 5.0366
 5.05213
 5.05997
 5.04167
 5.05497
 5.0479
 5.04284
 5.06088
 5.06663
 5.05062
 5.03839
 5.05552
 5.06234
 5.05148
 5.03613
 5.05154
 5.05894
 5.04504
 5.04784
 5.04151
 5.06414
 5.05691
 5.0473
 5.06145
 5.05402
 5.06919
 5.05518
 5.05796
 5.03789
 5.04615
 5.04596
 5.06371
 5.04249
 5.06167
 5.05373
 5.04135
 5.04188
 5.05757
 5.05634
 5.02977
 5.04427
 5.04039
 5.05851
 5.0552
 5.05054
 5.04676
 5.04791
 5.05708
 5.05264
 5.04777
 5.01355
 5.04471
 5.06087
 5.04635
 5.05775
 5.06228
 5.04624
 5.04507
 5.04899
 5.04384
 5.04401
 5.03767
 5.05703
 5.04212
 5.042
 5.06166
 5.04338
 5.04897
 5.04541
 5.04964
 5.03148
 5.05898
 5.06511
 5.04933
 5.04889
 5.04997
 5.03901
 5.06793
 5.07174
 5.04795
 5.03683
 5.0428
 5.03835
 5.06239
 5.05053
 5.05627
 5.04926
 5.05727
 5.06048
 5.06092
 5.03354
 5.06638
 5.04316
 5.06432
 5.04076
 5.05626
 5.05095
 5.0502
 5.04707
 5.03288
 5.03859
 5.04305
 5.03161
 5.03842
 5.04704
 5.0538
 5.05242
 5.04018
 5.03652
 5.05764
 5.04584
 5.04383
 5.04821
 5.05272
 5.04836
 5.03718
 5.0374
 5.05028
 5.0367
 5.04374
