 0.008426
 0.002689
 0.001621
 0.000849
 0.000973
 0.000687
 0.000736
 0.000566
 0.000175
 0.000234
 0.000272
 0.000203
 0.000274
 0.000243
 0.000123
 0.000172
 0.000183
 0.000281
 0.000294
 0.000122
 0.00014
 0.000315
 0.000179
 0.341214
 0.000152
 0.000395
 0.000178
 0.000285
 0.000233
 0.000316
 0.000128
 0.000156
 0.000252
 0.000135
 0.000309
 0.000185
 0.000137
 0.000152
 0.00011
 0.000154
 0.000239
 0.000713
 0.000134
 0.00016
 0.000245
 0.000169
 0.000174
 0.000413
 0.000167
 0.000318
 0.000162
 0.000241
 0.000272
 0.000423
 0.000156
 9.6e-05
 0.000217
 0.000277
 0.000169
 0.000341
 0.000138
 0.000148
 0.000241
 0.000435
 0.000191
 0.000131
 0.000323
 0.000219
 0.000143
 0.000252
 0.000293
 0.000189
 0.000126
 0.000266
 0.000276
 0.000135
 0.000488
 0.000463
 0.00014
 0.000234
 0.00023
 0.000276
 0.000256
 0.000711
 0.000288
 0.000131
 0.000147
 0.000224
 0.000162
 0.000369
 0.000304
 0.0003
 0.000255
 0.000358
 0.0001
 0.000118
 0.000332
 0.000149
 0.000199
 0.000632
 0.000212
 0.000412
 0.00013
 0.000285
 0.000264
 0.000141
 0.000428
 0.000125
 0.000111
 0.000341
 0.000169
 0.000171
 0.000132
 0.076933
 0.000194
 0.000163
 0.000312
 0.000148
 0.000233
 0.000124
 0.000195
 0.000201
