0 0.05 0.79
0 0.05 0.8
0 0.05 0.81
0 0.05 0.82
0 0.05 0.83
0 0.05 0.84
0 0.05 0.85
0 0.05 0.86
0 0.05 0.87
0 0.05 0.88
0 0.05 0.89
0 0.05 0.9
0 0.05 0.91
0 0.05 0.92
0 0.05 0.93
0 0.05 0.94
0.01 0.05 0.78
0.01 0.05 0.79
0.01 0.05 0.8
0.01 0.05 0.81
0.01 0.05 0.82
0.01 0.05 0.83
0.01 0.05 0.84
0.01 0.05 0.85
0.01 0.05 0.86
0.01 0.05 0.87
0.01 0.05 0.88
0.01 0.05 0.89
0.01 0.05 0.9
0.01 0.05 0.91
0.01 0.05 0.92
0.01 0.05 0.93
0.02 0.05 0.78
0.02 0.05 0.79
0.02 0.05 0.8
0.02 0.05 0.81
0.02 0.05 0.82
0.02 0.05 0.83
0.02 0.05 0.84
0.02 0.05 0.85
0.02 0.05 0.86
0.02 0.05 0.87
0.02 0.05 0.88
0.02 0.05 0.89
0.02 0.05 0.9
0.02 0.05 0.91
0.02 0.05 0.92
0.02 0.05 0.93
0.03 0.05 0.78
0.03 0.05 0.79
0.03 0.05 0.8
0.03 0.05 0.81
0.03 0.05 0.82
0.03 0.05 0.83
0.03 0.05 0.84
0.03 0.05 0.85
0.03 0.05 0.86
0.03 0.05 0.87
0.03 0.05 0.88
0.03 0.05 0.89
0.03 0.05 0.9
0.03 0.05 0.91
0.03 0.05 0.92
0.03 0.05 0.93
0.04 0.05 0.77
0.04 0.05 0.78
0.04 0.05 0.79
0.04 0.05 0.8
0.04 0.05 0.81
0.04 0.05 0.82
0.04 0.05 0.83
0.04 0.05 0.84
0.04 0.05 0.85
0.04 0.05 0.86
0.04 0.05 0.87
0.04 0.05 0.88
0.04 0.05 0.89
0.04 0.05 0.9
0.04 0.05 0.91
0.04 0.05 0.92
0.04 0.05 0.93
0.05 0.05 0.77
0.05 0.05 0.78
0.05 0.05 0.79
0.05 0.05 0.8
0.05 0.05 0.81
0.05 0.05 0.82
0.05 0.05 0.83
0.05 0.05 0.84
0.05 0.05 0.85
0.05 0.05 0.86
0.05 0.05 0.87
0.05 0.05 0.88
0.05 0.05 0.89
0.05 0.05 0.9
0.05 0.05 0.91
0.05 0.05 0.92
0.06 0.05 0.77
0.06 0.05 0.78
0.06 0.05 0.79
0.06 0.05 0.8
0.06 0.05 0.81
0.06 0.05 0.82
0.06 0.05 0.83
0.06 0.05 0.84
0.06 0.05 0.85
0.06 0.05 0.86
0.06 0.05 0.87
0.06 0.05 0.88
0.06 0.05 0.89
0.06 0.05 0.9
0.06 0.05 0.91
0.06 0.05 0.92
0.07 0.05 0.77
0.07 0.05 0.78
0.07 0.05 0.79
0.07 0.05 0.8
0.07 0.05 0.81
0.07 0.05 0.82
0.07 0.05 0.83
0.07 0.05 0.84
0.07 0.05 0.85
0.07 0.05 0.86
0.07 0.05 0.87
0.07 0.05 0.88
0.07 0.05 0.89
0.07 0.05 0.9
0.07 0.05 0.91
0.07 0.05 0.92
0.08 0.05 0.77
0.08 0.05 0.78
0.08 0.05 0.79
0.08 0.05 0.8
0.08 0.05 0.81
0.08 0.05 0.82
0.08 0.05 0.83
0.08 0.05 0.84
0.08 0.05 0.85
0.08 0.05 0.86
0.08 0.05 0.87
0.08 0.05 0.88
0.08 0.05 0.89
0.08 0.05 0.9
0.08 0.05 0.91
0.08 0.05 0.92
0.09 0.05 0.77
0.09 0.05 0.78
0.09 0.05 0.79
0.09 0.05 0.8
0.09 0.05 0.81
0.09 0.05 0.82
0.09 0.05 0.83
0.09 0.05 0.84
0.09 0.05 0.85
0.09 0.05 0.86
0.09 0.05 0.87
0.09 0.05 0.88
0.09 0.05 0.89
0.09 0.05 0.9
0.09 0.05 0.91
0.09 0.05 0.92
0.1 0.05 0.77
0.1 0.05 0.78
0.1 0.05 0.79
0.1 0.05 0.8
0.1 0.05 0.81
0.1 0.05 0.82
0.1 0.05 0.83
0.1 0.05 0.84
0.1 0.05 0.85
0.1 0.05 0.86
0.1 0.05 0.87
0.1 0.05 0.88
0.1 0.05 0.89
0.1 0.05 0.9
0.1 0.05 0.91
0.1 0.05 0.92
0.11 0.05 0.77
0.11 0.05 0.78
0.11 0.05 0.79
0.11 0.05 0.8
0.11 0.05 0.81
0.11 0.05 0.82
0.11 0.05 0.83
0.11 0.05 0.84
0.11 0.05 0.85
0.11 0.05 0.86
0.11 0.05 0.87
0.11 0.05 0.88
0.11 0.05 0.89
0.11 0.05 0.9
0.11 0.05 0.91
0.12 0.05 0.77
0.12 0.05 0.78
0.12 0.05 0.79
0.12 0.05 0.8
0.12 0.05 0.81
0.12 0.05 0.82
0.12 0.05 0.83
0.12 0.05 0.84
0.12 0.05 0.85
0.12 0.05 0.86
0.12 0.05 0.87
0.12 0.05 0.88
0.12 0.05 0.89
0.12 0.05 0.9
0.12 0.05 0.91
0.13 0.05 0.77
0.13 0.05 0.78
0.13 0.05 0.79
0.13 0.05 0.8
0.13 0.05 0.81
0.13 0.05 0.82
0.13 0.05 0.83
0.13 0.05 0.84
0.13 0.05 0.85
0.13 0.05 0.86
0.13 0.05 0.87
0.13 0.05 0.88
0.13 0.05 0.89
0.13 0.05 0.9
0.13 0.05 0.91
0.14 0.05 0.77
0.14 0.05 0.78
0.14 0.05 0.79
0.14 0.05 0.8
0.14 0.05 0.81
0.14 0.05 0.82
0.14 0.05 0.83
0.14 0.05 0.84
0.14 0.05 0.85
0.14 0.05 0.86
0.14 0.05 0.87
0.14 0.05 0.88
0.14 0.05 0.89
0.14 0.05 0.9
0.14 0.05 0.91
0.15 0.05 0.77
0.15 0.05 0.78
0.15 0.05 0.79
0.15 0.05 0.8
0.15 0.05 0.81
0.15 0.05 0.82
0.15 0.05 0.83
0.15 0.05 0.84
0.15 0.05 0.85
0.15 0.05 0.86
0.15 0.05 0.87
0.15 0.05 0.88
0.15 0.05 0.89
0.15 0.05 0.9
0.15 0.05 0.91
0.16 0.05 0.77
0.16 0.05 0.78
0.16 0.05 0.79
0.16 0.05 0.8
0.16 0.05 0.81
0.16 0.05 0.82
0.16 0.05 0.83
0.16 0.05 0.84
0.16 0.05 0.85
0.16 0.05 0.86
0.16 0.05 0.87
0.16 0.05 0.88
0.16 0.05 0.89
0.16 0.05 0.9
0.16 0.05 0.91
0.17 0.05 0.77
0.17 0.05 0.78
0.17 0.05 0.79
0.17 0.05 0.8
0.17 0.05 0.81
0.17 0.05 0.82
0.17 0.05 0.83
0.17 0.05 0.84
0.17 0.05 0.85
0.17 0.05 0.86
0.17 0.05 0.87
0.17 0.05 0.88
0.17 0.05 0.89
0.17 0.05 0.9
0.17 0.05 0.91
0.18 0.05 0.77
0.18 0.05 0.78
0.18 0.05 0.79
0.18 0.05 0.8
0.18 0.05 0.81
0.18 0.05 0.82
0.18 0.05 0.83
0.18 0.05 0.84
0.18 0.05 0.85
0.18 0.05 0.86
0.18 0.05 0.87
0.18 0.05 0.88
0.18 0.05 0.89
0.18 0.05 0.9
0.18 0.05 0.91
0.18 0.05 0.92
0.19 0.05 0.77
0.19 0.05 0.78
0.19 0.05 0.79
0.19 0.05 0.8
0.19 0.05 0.81
0.19 0.05 0.82
0.19 0.05 0.83
0.19 0.05 0.84
0.19 0.05 0.85
0.19 0.05 0.86
0.19 0.05 0.87
0.19 0.05 0.88
0.19 0.05 0.89
0.19 0.05 0.9
0.19 0.05 0.91
0.19 0.05 0.92
0.2 0.05 0.77
0.2 0.05 0.78
0.2 0.05 0.79
0.2 0.05 0.8
0.2 0.05 0.81
0.2 0.05 0.82
0.2 0.05 0.83
0.2 0.05 0.84
0.2 0.05 0.85
0.2 0.05 0.86
0.2 0.05 0.87
0.2 0.05 0.88
0.2 0.05 0.89
0.2 0.05 0.9
0.2 0.05 0.91
0.2 0.05 0.92
0.21 0.05 0.77
0.21 0.05 0.78
0.21 0.05 0.79
0.21 0.05 0.8
0.21 0.05 0.81
0.21 0.05 0.82
0.21 0.05 0.83
0.21 0.05 0.84
0.21 0.05 0.85
0.21 0.05 0.86
0.21 0.05 0.87
0.21 0.05 0.88
0.21 0.05 0.89
0.21 0.05 0.9
0.21 0.05 0.91
0.21 0.05 0.92
0.22 0.05 0.77
0.22 0.05 0.78
0.22 0.05 0.79
0.22 0.05 0.8
0.22 0.05 0.81
0.22 0.05 0.82
0.22 0.05 0.83
0.22 0.05 0.84
0.22 0.05 0.85
0.22 0.05 0.86
0.22 0.05 0.87
0.22 0.05 0.88
0.22 0.05 0.89
0.22 0.05 0.9
0.22 0.05 0.91
0.22 0.05 0.92
0.23 0.05 0.77
0.23 0.05 0.78
0.23 0.05 0.79
0.23 0.05 0.8
0.23 0.05 0.81
0.23 0.05 0.82
0.23 0.05 0.83
0.23 0.05 0.84
0.23 0.05 0.85
0.23 0.05 0.86
0.23 0.05 0.87
0.23 0.05 0.88
0.23 0.05 0.89
0.23 0.05 0.9
0.23 0.05 0.91
0.23 0.05 0.92
0.23 0.05 0.93
0.24 0.05 0.78
0.24 0.05 0.79
0.24 0.05 0.8
0.24 0.05 0.81
0.24 0.05 0.82
0.24 0.05 0.83
0.24 0.05 0.84
0.24 0.05 0.85
0.24 0.05 0.86
0.24 0.05 0.87
0.24 0.05 0.88
0.24 0.05 0.89
0.24 0.05 0.9
0.24 0.05 0.91
0.24 0.05 0.92
0.24 0.05 0.93
0.25 0.05 0.78
0.25 0.05 0.79
0.25 0.05 0.8
0.25 0.05 0.81
0.25 0.05 0.82
0.25 0.05 0.83
0.25 0.05 0.84
0.25 0.05 0.85
0.25 0.05 0.86
0.25 0.05 0.87
0.25 0.05 0.88
0.25 0.05 0.89
0.25 0.05 0.9
0.25 0.05 0.91
0.25 0.05 0.92
0.25 0.05 0.93
0.26 0.05 0.78
0.26 0.05 0.79
0.26 0.05 0.8
0.26 0.05 0.81
0.26 0.05 0.82
0.26 0.05 0.83
0.26 0.05 0.84
0.26 0.05 0.85
0.26 0.05 0.86
0.26 0.05 0.87
0.26 0.05 0.88
0.26 0.05 0.89
0.26 0.05 0.9
0.26 0.05 0.91
0.26 0.05 0.92
0.26 0.05 0.93
0.27 0.05 0.78
0.27 0.05 0.79
0.27 0.05 0.8
0.27 0.05 0.81
0.27 0.05 0.82
0.27 0.05 0.83
0.27 0.05 0.84
0.27 0.05 0.85
0.27 0.05 0.86
0.27 0.05 0.87
0.27 0.05 0.88
0.27 0.05 0.89
0.27 0.05 0.9
0.27 0.05 0.91
0.27 0.05 0.92
0.27 0.05 0.93
0.27 0.05 0.94
0.28 0.05 0.78
0.28 0.05 0.79
0.28 0.05 0.8
0.28 0.05 0.81
0.28 0.05 0.82
0.28 0.05 0.83
0.28 0.05 0.84
0.28 0.05 0.85
0.28 0.05 0.86
0.28 0.05 0.87
0.28 0.05 0.88
0.28 0.05 0.89
0.28 0.05 0.9
0.28 0.05 0.91
0.28 0.05 0.92
0.28 0.05 0.93
0.28 0.05 0.94
0.29 0.05 0.79
0.29 0.05 0.8
0.29 0.05 0.81
0.29 0.05 0.82
0.29 0.05 0.83
0.29 0.05 0.84
0.29 0.05 0.85
0.29 0.05 0.86
0.29 0.05 0.87
0.29 0.05 0.88
0.29 0.05 0.89
0.29 0.05 0.9
0.29 0.05 0.91
0.29 0.05 0.92
0.29 0.05 0.93
0.29 0.05 0.94
0.29 0.05 0.95
0.3 0.05 0.79
0.3 0.05 0.8
0.3 0.05 0.81
0.3 0.05 0.82
0.3 0.05 0.83
0.3 0.05 0.84
0.3 0.05 0.85
0.3 0.05 0.86
0.3 0.05 0.87
0.3 0.05 0.88
0.3 0.05 0.89
0.3 0.05 0.9
0.3 0.05 0.91
0.3 0.05 0.92
0.3 0.05 0.93
0.3 0.05 0.94
0.3 0.05 0.95
0.31 0.05 0.79
0.31 0.05 0.8
0.31 0.05 0.81
0.31 0.05 0.82
0.31 0.05 0.83
0.31 0.05 0.84
0.31 0.05 0.85
0.31 0.05 0.86
0.31 0.05 0.87
0.31 0.05 0.88
0.31 0.05 0.89
0.31 0.05 0.9
0.31 0.05 0.91
0.31 0.05 0.92
0.31 0.05 0.93
0.31 0.05 0.94
0.31 0.05 0.95
0.32 0.05 0.8
0.32 0.05 0.81
0.32 0.05 0.82
0.32 0.05 0.83
0.32 0.05 0.84
0.32 0.05 0.85
0.32 0.05 0.86
0.32 0.05 0.87
0.32 0.05 0.88
0.32 0.05 0.89
0.32 0.05 0.9
0.32 0.05 0.91
0.32 0.05 0.92
0.32 0.05 0.93
0.32 0.05 0.94
0.32 0.05 0.95
0.32 0.05 0.96
0.33 0.05 0.8
0.33 0.05 0.81
0.33 0.05 0.82
0.33 0.05 0.83
0.33 0.05 0.84
0.33 0.05 0.85
0.33 0.05 0.86
0.33 0.05 0.87
0.33 0.05 0.88
0.33 0.05 0.89
0.33 0.05 0.9
0.33 0.05 0.91
0.33 0.05 0.92
0.33 0.05 0.93
0.33 0.05 0.94
0.33 0.05 0.95
0.33 0.05 0.96
0.33 0.05 0.97
0.34 0.05 0.81
0.34 0.05 0.82
0.34 0.05 0.83
0.34 0.05 0.84
0.34 0.05 0.85
0.34 0.05 0.86
0.34 0.05 0.87
0.34 0.05 0.88
0.34 0.05 0.89
0.34 0.05 0.9
0.34 0.05 0.91
0.34 0.05 0.92
0.34 0.05 0.93
0.34 0.05 0.94
0.34 0.05 0.95
0.34 0.05 0.96
0.34 0.05 0.97
0.35 0.05 0.81
0.35 0.05 0.82
0.35 0.05 0.83
0.35 0.05 0.84
0.35 0.05 0.85
0.35 0.05 0.86
0.35 0.05 0.87
0.35 0.05 0.88
0.35 0.05 0.89
0.35 0.05 0.9
0.35 0.05 0.91
0.35 0.05 0.92
0.35 0.05 0.93
0.35 0.05 0.94
0.35 0.05 0.95
0.35 0.05 0.96
0.35 0.05 0.97
0.35 0.05 0.98
0.36 0.05 0.81
0.36 0.05 0.82
0.36 0.05 0.83
0.36 0.05 0.84
0.36 0.05 0.85
0.36 0.05 0.86
0.36 0.05 0.87
0.36 0.05 0.88
0.36 0.05 0.89
0.36 0.05 0.9
0.36 0.05 0.91
0.36 0.05 0.92
0.36 0.05 0.93
0.36 0.05 0.94
0.36 0.05 0.95
0.36 0.05 0.96
0.36 0.05 0.97
0.36 0.05 0.98
0.36 0.05 0.99
0.37 0.05 0.82
0.37 0.05 0.83
0.37 0.05 0.84
0.37 0.05 0.85
0.37 0.05 0.86
0.37 0.05 0.87
0.37 0.05 0.88
0.37 0.05 0.89
0.37 0.05 0.9
0.37 0.05 0.91
0.37 0.05 0.92
0.37 0.05 0.93
0.37 0.05 0.94
0.37 0.05 0.95
0.37 0.05 0.96
0.37 0.05 0.97
0.37 0.05 0.98
0.37 0.05 0.99
0.38 0.05 0.82
0.38 0.05 0.83
0.38 0.05 0.84
0.38 0.05 0.85
0.38 0.05 0.86
0.38 0.05 0.87
0.38 0.05 0.88
0.38 0.05 0.89
0.38 0.05 0.9
0.38 0.05 0.91
0.38 0.05 0.92
0.38 0.05 0.93
0.38 0.05 0.94
0.38 0.05 0.95
0.38 0.05 0.96
0.38 0.05 0.97
0.38 0.05 0.98
0.38 0.05 0.99
0.38 0.05 1
0.39 0.05 0.83
0.39 0.05 0.84
0.39 0.05 0.85
0.39 0.05 0.86
0.39 0.05 0.87
0.39 0.05 0.88
0.39 0.05 0.89
0.39 0.05 0.9
0.39 0.05 0.91
0.39 0.05 0.92
0.39 0.05 0.93
0.39 0.05 0.94
0.39 0.05 0.95
0.39 0.05 0.96
0.39 0.05 0.97
0.39 0.05 0.98
0.39 0.05 0.99
0.39 0.05 1
0.39 0.05 1.01
0.4 0.05 0.83
0.4 0.05 0.84
0.4 0.05 0.85
0.4 0.05 0.86
0.4 0.05 0.87
0.4 0.05 0.88
0.4 0.05 0.89
0.4 0.05 0.9
0.4 0.05 0.91
0.4 0.05 0.92
0.4 0.05 0.93
0.4 0.05 0.94
0.4 0.05 0.95
0.4 0.05 0.96
0.4 0.05 0.97
0.4 0.05 0.98
0.4 0.05 0.99
0.4 0.05 1
0.4 0.05 1.01
0.4 0.05 1.02
0.41 0.05 0.84
0.41 0.05 0.85
0.41 0.05 0.86
0.41 0.05 0.87
0.41 0.05 0.88
0.41 0.05 0.89
0.41 0.05 0.9
0.41 0.05 0.91
0.41 0.05 0.92
0.41 0.05 0.93
0.41 0.05 0.94
0.41 0.05 0.95
0.41 0.05 0.96
0.41 0.05 0.97
0.41 0.05 0.98
0.41 0.05 0.99
0.41 0.05 1
0.41 0.05 1.01
0.41 0.05 1.02
0.41 0.05 1.03
0.42 0.05 0.85
0.42 0.05 0.86
0.42 0.05 0.87
0.42 0.05 0.88
0.42 0.05 0.89
0.42 0.05 0.9
0.42 0.05 0.91
0.42 0.05 0.92
0.42 0.05 0.93
0.42 0.05 0.94
0.42 0.05 0.95
0.42 0.05 0.96
0.42 0.05 0.97
0.42 0.05 0.98
0.42 0.05 0.99
0.42 0.05 1
0.42 0.05 1.01
0.42 0.05 1.02
0.42 0.05 1.03
0.42 0.05 1.04
0.43 0.05 0.85
0.43 0.05 0.86
0.43 0.05 0.87
0.43 0.05 0.88
0.43 0.05 0.89
0.43 0.05 0.9
0.43 0.05 0.91
0.43 0.05 0.92
0.43 0.05 0.93
0.43 0.05 0.94
0.43 0.05 0.95
0.43 0.05 0.96
0.43 0.05 0.97
0.43 0.05 0.98
0.43 0.05 0.99
0.43 0.05 1
0.43 0.05 1.01
0.43 0.05 1.02
0.43 0.05 1.03
0.43 0.05 1.04
0.43 0.05 1.05
0.44 0.05 0.86
0.44 0.05 0.87
0.44 0.05 0.88
0.44 0.05 0.89
0.44 0.05 0.9
0.44 0.05 0.91
0.44 0.05 0.92
0.44 0.05 0.93
0.44 0.05 0.94
0.44 0.05 0.95
0.44 0.05 0.96
0.44 0.05 0.97
0.44 0.05 0.98
0.44 0.05 0.99
0.44 0.05 1
0.44 0.05 1.01
0.44 0.05 1.02
0.44 0.05 1.03
0.44 0.05 1.04
0.44 0.05 1.05
0.44 0.05 1.06
0.45 0.05 0.87
0.45 0.05 0.88
0.45 0.05 0.89
0.45 0.05 0.9
0.45 0.05 0.91
0.45 0.05 0.92
0.45 0.05 0.93
0.45 0.05 0.94
0.45 0.05 0.95
0.45 0.05 0.96
0.45 0.05 0.97
0.45 0.05 0.98
0.45 0.05 0.99
0.45 0.05 1
0.45 0.05 1.01
0.45 0.05 1.02
0.45 0.05 1.03
0.45 0.05 1.04
0.45 0.05 1.05
0.45 0.05 1.06
0.45 0.05 1.07
0.45 0.05 1.08
0.46 0.05 0.87
0.46 0.05 0.88
0.46 0.05 0.89
0.46 0.05 0.9
0.46 0.05 0.91
0.46 0.05 0.92
0.46 0.05 0.93
0.46 0.05 0.94
0.46 0.05 0.95
0.46 0.05 0.96
0.46 0.05 0.97
0.46 0.05 0.98
0.46 0.05 0.99
0.46 0.05 1
0.46 0.05 1.01
0.46 0.05 1.02
0.46 0.05 1.03
0.46 0.05 1.04
0.46 0.05 1.05
0.46 0.05 1.06
0.46 0.05 1.07
0.46 0.05 1.08
0.46 0.05 1.09
0.01 0.06 0.78
0.01 0.06 0.79
0.01 0.06 0.8
0.01 0.06 0.81
0.01 0.06 0.82
0.01 0.06 0.83
0.01 0.06 0.84
0.01 0.06 0.85
0.01 0.06 0.86
0.01 0.06 0.87
0.01 0.06 0.88
0.01 0.06 0.89
0.01 0.06 0.9
0.01 0.06 0.91
0.01 0.06 0.92
0.01 0.06 0.93
0.02 0.06 0.78
0.02 0.06 0.79
0.02 0.06 0.8
0.02 0.06 0.81
0.02 0.06 0.82
0.02 0.06 0.83
0.02 0.06 0.84
0.02 0.06 0.85
0.02 0.06 0.86
0.02 0.06 0.87
0.02 0.06 0.88
0.02 0.06 0.89
0.02 0.06 0.9
0.02 0.06 0.91
0.02 0.06 0.92
0.02 0.06 0.93
0.03 0.06 0.78
0.03 0.06 0.79
0.03 0.06 0.8
0.03 0.06 0.81
0.03 0.06 0.82
0.03 0.06 0.83
0.03 0.06 0.84
0.03 0.06 0.85
0.03 0.06 0.86
0.03 0.06 0.87
0.03 0.06 0.88
0.03 0.06 0.89
0.03 0.06 0.9
0.03 0.06 0.91
0.03 0.06 0.92
0.03 0.06 0.93
0.04 0.06 0.77
0.04 0.06 0.78
0.04 0.06 0.79
0.04 0.06 0.8
0.04 0.06 0.81
0.04 0.06 0.82
0.04 0.06 0.83
0.04 0.06 0.84
0.04 0.06 0.85
0.04 0.06 0.86
0.04 0.06 0.87
0.04 0.06 0.88
0.04 0.06 0.89
0.04 0.06 0.9
0.04 0.06 0.91
0.04 0.06 0.92
0.05 0.06 0.77
0.05 0.06 0.78
0.05 0.06 0.79
0.05 0.06 0.8
0.05 0.06 0.81
0.05 0.06 0.82
0.05 0.06 0.83
0.05 0.06 0.84
0.05 0.06 0.85
0.05 0.06 0.86
0.05 0.06 0.87
0.05 0.06 0.88
0.05 0.06 0.89
0.05 0.06 0.9
0.05 0.06 0.91
0.05 0.06 0.92
0.06 0.06 0.77
0.06 0.06 0.78
0.06 0.06 0.79
0.06 0.06 0.8
0.06 0.06 0.81
0.06 0.06 0.82
0.06 0.06 0.83
0.06 0.06 0.84
0.06 0.06 0.85
0.06 0.06 0.86
0.06 0.06 0.87
0.06 0.06 0.88
0.06 0.06 0.89
0.06 0.06 0.9
0.06 0.06 0.91
0.06 0.06 0.92
0.07 0.06 0.77
0.07 0.06 0.78
0.07 0.06 0.79
0.07 0.06 0.8
0.07 0.06 0.81
0.07 0.06 0.82
0.07 0.06 0.83
0.07 0.06 0.84
0.07 0.06 0.85
0.07 0.06 0.86
0.07 0.06 0.87
0.07 0.06 0.88
0.07 0.06 0.89
0.07 0.06 0.9
0.07 0.06 0.91
0.07 0.06 0.92
0.08 0.06 0.77
0.08 0.06 0.78
0.08 0.06 0.79
0.08 0.06 0.8
0.08 0.06 0.81
0.08 0.06 0.82
0.08 0.06 0.83
0.08 0.06 0.84
0.08 0.06 0.85
0.08 0.06 0.86
0.08 0.06 0.87
0.08 0.06 0.88
0.08 0.06 0.89
0.08 0.06 0.9
0.08 0.06 0.91
0.09 0.06 0.77
0.09 0.06 0.78
0.09 0.06 0.79
0.09 0.06 0.8
0.09 0.06 0.81
0.09 0.06 0.82
0.09 0.06 0.83
0.09 0.06 0.84
0.09 0.06 0.85
0.09 0.06 0.86
0.09 0.06 0.87
0.09 0.06 0.88
0.09 0.06 0.89
0.09 0.06 0.9
0.09 0.06 0.91
0.1 0.06 0.76
0.1 0.06 0.77
0.1 0.06 0.78
0.1 0.06 0.79
0.1 0.06 0.8
0.1 0.06 0.81
0.1 0.06 0.82
0.1 0.06 0.83
0.1 0.06 0.84
0.1 0.06 0.85
0.1 0.06 0.86
0.1 0.06 0.87
0.1 0.06 0.88
0.1 0.06 0.89
0.1 0.06 0.9
0.1 0.06 0.91
0.11 0.06 0.76
0.11 0.06 0.77
0.11 0.06 0.78
0.11 0.06 0.79
0.11 0.06 0.8
0.11 0.06 0.81
0.11 0.06 0.82
0.11 0.06 0.83
0.11 0.06 0.84
0.11 0.06 0.85
0.11 0.06 0.86
0.11 0.06 0.87
0.11 0.06 0.88
0.11 0.06 0.89
0.11 0.06 0.9
0.11 0.06 0.91
0.12 0.06 0.76
0.12 0.06 0.77
0.12 0.06 0.78
0.12 0.06 0.79
0.12 0.06 0.8
0.12 0.06 0.81
0.12 0.06 0.82
0.12 0.06 0.83
0.12 0.06 0.84
0.12 0.06 0.85
0.12 0.06 0.86
0.12 0.06 0.87
0.12 0.06 0.88
0.12 0.06 0.89
0.12 0.06 0.9
0.12 0.06 0.91
0.13 0.06 0.76
0.13 0.06 0.77
0.13 0.06 0.78
0.13 0.06 0.79
0.13 0.06 0.8
0.13 0.06 0.81
0.13 0.06 0.82
0.13 0.06 0.83
0.13 0.06 0.84
0.13 0.06 0.85
0.13 0.06 0.86
0.13 0.06 0.87
0.13 0.06 0.88
0.13 0.06 0.89
0.13 0.06 0.9
0.13 0.06 0.91
0.14 0.06 0.76
0.14 0.06 0.77
0.14 0.06 0.78
0.14 0.06 0.79
0.14 0.06 0.8
0.14 0.06 0.81
0.14 0.06 0.82
0.14 0.06 0.83
0.14 0.06 0.84
0.14 0.06 0.85
0.14 0.06 0.86
0.14 0.06 0.87
0.14 0.06 0.88
0.14 0.06 0.89
0.14 0.06 0.9
0.14 0.06 0.91
0.15 0.06 0.76
0.15 0.06 0.77
0.15 0.06 0.78
0.15 0.06 0.79
0.15 0.06 0.8
0.15 0.06 0.81
0.15 0.06 0.82
0.15 0.06 0.83
0.15 0.06 0.84
0.15 0.06 0.85
0.15 0.06 0.86
0.15 0.06 0.87
0.15 0.06 0.88
0.15 0.06 0.89
0.15 0.06 0.9
0.15 0.06 0.91
0.16 0.06 0.76
0.16 0.06 0.77
0.16 0.06 0.78
0.16 0.06 0.79
0.16 0.06 0.8
0.16 0.06 0.81
0.16 0.06 0.82
0.16 0.06 0.83
0.16 0.06 0.84
0.16 0.06 0.85
0.16 0.06 0.86
0.16 0.06 0.87
0.16 0.06 0.88
0.16 0.06 0.89
0.16 0.06 0.9
0.16 0.06 0.91
0.17 0.06 0.76
0.17 0.06 0.77
0.17 0.06 0.78
0.17 0.06 0.79
0.17 0.06 0.8
0.17 0.06 0.81
0.17 0.06 0.82
0.17 0.06 0.83
0.17 0.06 0.84
0.17 0.06 0.85
0.17 0.06 0.86
0.17 0.06 0.87
0.17 0.06 0.88
0.17 0.06 0.89
0.17 0.06 0.9
0.17 0.06 0.91
0.18 0.06 0.77
0.18 0.06 0.78
0.18 0.06 0.79
0.18 0.06 0.8
0.18 0.06 0.81
0.18 0.06 0.82
0.18 0.06 0.83
0.18 0.06 0.84
0.18 0.06 0.85
0.18 0.06 0.86
0.18 0.06 0.87
0.18 0.06 0.88
0.18 0.06 0.89
0.18 0.06 0.9
0.18 0.06 0.91
0.19 0.06 0.77
0.19 0.06 0.78
0.19 0.06 0.79
0.19 0.06 0.8
0.19 0.06 0.81
0.19 0.06 0.82
0.19 0.06 0.83
0.19 0.06 0.84
0.19 0.06 0.85
0.19 0.06 0.86
0.19 0.06 0.87
0.19 0.06 0.88
0.19 0.06 0.89
0.19 0.06 0.9
0.19 0.06 0.91
0.2 0.06 0.77
0.2 0.06 0.78
0.2 0.06 0.79
0.2 0.06 0.8
0.2 0.06 0.81
0.2 0.06 0.82
0.2 0.06 0.83
0.2 0.06 0.84
0.2 0.06 0.85
0.2 0.06 0.86
0.2 0.06 0.87
0.2 0.06 0.88
0.2 0.06 0.89
0.2 0.06 0.9
0.2 0.06 0.91
0.2 0.06 0.92
0.21 0.06 0.77
0.21 0.06 0.78
0.21 0.06 0.79
0.21 0.06 0.8
0.21 0.06 0.81
0.21 0.06 0.82
0.21 0.06 0.83
0.21 0.06 0.84
0.21 0.06 0.85
0.21 0.06 0.86
0.21 0.06 0.87
0.21 0.06 0.88
0.21 0.06 0.89
0.21 0.06 0.9
0.21 0.06 0.91
0.21 0.06 0.92
0.22 0.06 0.77
0.22 0.06 0.78
0.22 0.06 0.79
0.22 0.06 0.8
0.22 0.06 0.81
0.22 0.06 0.82
0.22 0.06 0.83
0.22 0.06 0.84
0.22 0.06 0.85
0.22 0.06 0.86
0.22 0.06 0.87
0.22 0.06 0.88
0.22 0.06 0.89
0.22 0.06 0.9
0.22 0.06 0.91
0.22 0.06 0.92
0.23 0.06 0.77
0.23 0.06 0.78
0.23 0.06 0.79
0.23 0.06 0.8
0.23 0.06 0.81
0.23 0.06 0.82
0.23 0.06 0.83
0.23 0.06 0.84
0.23 0.06 0.85
0.23 0.06 0.86
0.23 0.06 0.87
0.23 0.06 0.88
0.23 0.06 0.89
0.23 0.06 0.9
0.23 0.06 0.91
0.23 0.06 0.92
0.24 0.06 0.77
0.24 0.06 0.78
0.24 0.06 0.79
0.24 0.06 0.8
0.24 0.06 0.81
0.24 0.06 0.82
0.24 0.06 0.83
0.24 0.06 0.84
0.24 0.06 0.85
0.24 0.06 0.86
0.24 0.06 0.87
0.24 0.06 0.88
0.24 0.06 0.89
0.24 0.06 0.9
0.24 0.06 0.91
0.24 0.06 0.92
0.25 0.06 0.78
0.25 0.06 0.79
0.25 0.06 0.8
0.25 0.06 0.81
0.25 0.06 0.82
0.25 0.06 0.83
0.25 0.06 0.84
0.25 0.06 0.85
0.25 0.06 0.86
0.25 0.06 0.87
0.25 0.06 0.88
0.25 0.06 0.89
0.25 0.06 0.9
0.25 0.06 0.91
0.25 0.06 0.92
0.25 0.06 0.93
0.26 0.06 0.78
0.26 0.06 0.79
0.26 0.06 0.8
0.26 0.06 0.81
0.26 0.06 0.82
0.26 0.06 0.83
0.26 0.06 0.84
0.26 0.06 0.85
0.26 0.06 0.86
0.26 0.06 0.87
0.26 0.06 0.88
0.26 0.06 0.89
0.26 0.06 0.9
0.26 0.06 0.91
0.26 0.06 0.92
0.26 0.06 0.93
0.27 0.06 0.78
0.27 0.06 0.79
0.27 0.06 0.8
0.27 0.06 0.81
0.27 0.06 0.82
0.27 0.06 0.83
0.27 0.06 0.84
0.27 0.06 0.85
0.27 0.06 0.86
0.27 0.06 0.87
0.27 0.06 0.88
0.27 0.06 0.89
0.27 0.06 0.9
0.27 0.06 0.91
0.27 0.06 0.92
0.27 0.06 0.93
0.28 0.06 0.78
0.28 0.06 0.79
0.28 0.06 0.8
0.28 0.06 0.81
0.28 0.06 0.82
0.28 0.06 0.83
0.28 0.06 0.84
0.28 0.06 0.85
0.28 0.06 0.86
0.28 0.06 0.87
0.28 0.06 0.88
0.28 0.06 0.89
0.28 0.06 0.9
0.28 0.06 0.91
0.28 0.06 0.92
0.28 0.06 0.93
0.28 0.06 0.94
0.29 0.06 0.79
0.29 0.06 0.8
0.29 0.06 0.81
0.29 0.06 0.82
0.29 0.06 0.83
0.29 0.06 0.84
0.29 0.06 0.85
0.29 0.06 0.86
0.29 0.06 0.87
0.29 0.06 0.88
0.29 0.06 0.89
0.29 0.06 0.9
0.29 0.06 0.91
0.29 0.06 0.92
0.29 0.06 0.93
0.29 0.06 0.94
0.3 0.06 0.79
0.3 0.06 0.8
0.3 0.06 0.81
0.3 0.06 0.82
0.3 0.06 0.83
0.3 0.06 0.84
0.3 0.06 0.85
0.3 0.06 0.86
0.3 0.06 0.87
0.3 0.06 0.88
0.3 0.06 0.89
0.3 0.06 0.9
0.3 0.06 0.91
0.3 0.06 0.92
0.3 0.06 0.93
0.3 0.06 0.94
0.3 0.06 0.95
0.31 0.06 0.79
0.31 0.06 0.8
0.31 0.06 0.81
0.31 0.06 0.82
0.31 0.06 0.83
0.31 0.06 0.84
0.31 0.06 0.85
0.31 0.06 0.86
0.31 0.06 0.87
0.31 0.06 0.88
0.31 0.06 0.89
0.31 0.06 0.9
0.31 0.06 0.91
0.31 0.06 0.92
0.31 0.06 0.93
0.31 0.06 0.94
0.31 0.06 0.95
0.32 0.06 0.8
0.32 0.06 0.81
0.32 0.06 0.82
0.32 0.06 0.83
0.32 0.06 0.84
0.32 0.06 0.85
0.32 0.06 0.86
0.32 0.06 0.87
0.32 0.06 0.88
0.32 0.06 0.89
0.32 0.06 0.9
0.32 0.06 0.91
0.32 0.06 0.92
0.32 0.06 0.93
0.32 0.06 0.94
0.32 0.06 0.95
0.32 0.06 0.96
0.33 0.06 0.8
0.33 0.06 0.81
0.33 0.06 0.82
0.33 0.06 0.83
0.33 0.06 0.84
0.33 0.06 0.85
0.33 0.06 0.86
0.33 0.06 0.87
0.33 0.06 0.88
0.33 0.06 0.89
0.33 0.06 0.9
0.33 0.06 0.91
0.33 0.06 0.92
0.33 0.06 0.93
0.33 0.06 0.94
0.33 0.06 0.95
0.33 0.06 0.96
0.34 0.06 0.8
0.34 0.06 0.81
0.34 0.06 0.82
0.34 0.06 0.83
0.34 0.06 0.84
0.34 0.06 0.85
0.34 0.06 0.86
0.34 0.06 0.87
0.34 0.06 0.88
0.34 0.06 0.89
0.34 0.06 0.9
0.34 0.06 0.91
0.34 0.06 0.92
0.34 0.06 0.93
0.34 0.06 0.94
0.34 0.06 0.95
0.34 0.06 0.96
0.34 0.06 0.97
0.35 0.06 0.81
0.35 0.06 0.82
0.35 0.06 0.83
0.35 0.06 0.84
0.35 0.06 0.85
0.35 0.06 0.86
0.35 0.06 0.87
0.35 0.06 0.88
0.35 0.06 0.89
0.35 0.06 0.9
0.35 0.06 0.91
0.35 0.06 0.92
0.35 0.06 0.93
0.35 0.06 0.94
0.35 0.06 0.95
0.35 0.06 0.96
0.35 0.06 0.97
0.35 0.06 0.98
0.36 0.06 0.81
0.36 0.06 0.82
0.36 0.06 0.83
0.36 0.06 0.84
0.36 0.06 0.85
0.36 0.06 0.86
0.36 0.06 0.87
0.36 0.06 0.88
0.36 0.06 0.89
0.36 0.06 0.9
0.36 0.06 0.91
0.36 0.06 0.92
0.36 0.06 0.93
0.36 0.06 0.94
0.36 0.06 0.95
0.36 0.06 0.96
0.36 0.06 0.97
0.36 0.06 0.98
0.37 0.06 0.82
0.37 0.06 0.83
0.37 0.06 0.84
0.37 0.06 0.85
0.37 0.06 0.86
0.37 0.06 0.87
0.37 0.06 0.88
0.37 0.06 0.89
0.37 0.06 0.9
0.37 0.06 0.91
0.37 0.06 0.92
0.37 0.06 0.93
0.37 0.06 0.94
0.37 0.06 0.95
0.37 0.06 0.96
0.37 0.06 0.97
0.37 0.06 0.98
0.37 0.06 0.99
0.38 0.06 0.82
0.38 0.06 0.83
0.38 0.06 0.84
0.38 0.06 0.85
0.38 0.06 0.86
0.38 0.06 0.87
0.38 0.06 0.88
0.38 0.06 0.89
0.38 0.06 0.9
0.38 0.06 0.91
0.38 0.06 0.92
0.38 0.06 0.93
0.38 0.06 0.94
0.38 0.06 0.95
0.38 0.06 0.96
0.38 0.06 0.97
0.38 0.06 0.98
0.38 0.06 0.99
0.38 0.06 1
0.39 0.06 0.83
0.39 0.06 0.84
0.39 0.06 0.85
0.39 0.06 0.86
0.39 0.06 0.87
0.39 0.06 0.88
0.39 0.06 0.89
0.39 0.06 0.9
0.39 0.06 0.91
0.39 0.06 0.92
0.39 0.06 0.93
0.39 0.06 0.94
0.39 0.06 0.95
0.39 0.06 0.96
0.39 0.06 0.97
0.39 0.06 0.98
0.39 0.06 0.99
0.39 0.06 1
0.39 0.06 1.01
0.4 0.06 0.83
0.4 0.06 0.84
0.4 0.06 0.85
0.4 0.06 0.86
0.4 0.06 0.87
0.4 0.06 0.88
0.4 0.06 0.89
0.4 0.06 0.9
0.4 0.06 0.91
0.4 0.06 0.92
0.4 0.06 0.93
0.4 0.06 0.94
0.4 0.06 0.95
0.4 0.06 0.96
0.4 0.06 0.97
0.4 0.06 0.98
0.4 0.06 0.99
0.4 0.06 1
0.4 0.06 1.01
0.4 0.06 1.02
0.41 0.06 0.84
0.41 0.06 0.85
0.41 0.06 0.86
0.41 0.06 0.87
0.41 0.06 0.88
0.41 0.06 0.89
0.41 0.06 0.9
0.41 0.06 0.91
0.41 0.06 0.92
0.41 0.06 0.93
0.41 0.06 0.94
0.41 0.06 0.95
0.41 0.06 0.96
0.41 0.06 0.97
0.41 0.06 0.98
0.41 0.06 0.99
0.41 0.06 1
0.41 0.06 1.01
0.41 0.06 1.02
0.42 0.06 0.84
0.42 0.06 0.85
0.42 0.06 0.86
0.42 0.06 0.87
0.42 0.06 0.88
0.42 0.06 0.89
0.42 0.06 0.9
0.42 0.06 0.91
0.42 0.06 0.92
0.42 0.06 0.93
0.42 0.06 0.94
0.42 0.06 0.95
0.42 0.06 0.96
0.42 0.06 0.97
0.42 0.06 0.98
0.42 0.06 0.99
0.42 0.06 1
0.42 0.06 1.01
0.42 0.06 1.02
0.42 0.06 1.03
0.42 0.06 1.04
0.43 0.06 0.85
0.43 0.06 0.86
0.43 0.06 0.87
0.43 0.06 0.88
0.43 0.06 0.89
0.43 0.06 0.9
0.43 0.06 0.91
0.43 0.06 0.92
0.43 0.06 0.93
0.43 0.06 0.94
0.43 0.06 0.95
0.43 0.06 0.96
0.43 0.06 0.97
0.43 0.06 0.98
0.43 0.06 0.99
0.43 0.06 1
0.43 0.06 1.01
0.43 0.06 1.02
0.43 0.06 1.03
0.43 0.06 1.04
0.43 0.06 1.05
0.44 0.06 0.86
0.44 0.06 0.87
0.44 0.06 0.88
0.44 0.06 0.89
0.44 0.06 0.9
0.44 0.06 0.91
0.44 0.06 0.92
0.44 0.06 0.93
0.44 0.06 0.94
0.44 0.06 0.95
0.44 0.06 0.96
0.44 0.06 0.97
0.44 0.06 0.98
0.44 0.06 0.99
0.44 0.06 1
0.44 0.06 1.01
0.44 0.06 1.02
0.44 0.06 1.03
0.44 0.06 1.04
0.44 0.06 1.05
0.44 0.06 1.06
0.45 0.06 0.86
0.45 0.06 0.87
0.45 0.06 0.88
0.45 0.06 0.89
0.45 0.06 0.9
0.45 0.06 0.91
0.45 0.06 0.92
0.45 0.06 0.93
0.45 0.06 0.94
0.45 0.06 0.95
0.45 0.06 0.96
0.45 0.06 0.97
0.45 0.06 0.98
0.45 0.06 0.99
0.45 0.06 1
0.45 0.06 1.01
0.45 0.06 1.02
0.45 0.06 1.03
0.45 0.06 1.04
0.45 0.06 1.05
0.45 0.06 1.06
0.45 0.06 1.07
0.46 0.06 0.87
0.46 0.06 0.88
0.46 0.06 0.89
0.46 0.06 0.9
0.46 0.06 0.91
0.46 0.06 0.92
0.46 0.06 0.93
0.46 0.06 0.94
0.46 0.06 0.95
0.46 0.06 0.96
0.46 0.06 0.97
0.46 0.06 0.98
0.46 0.06 0.99
0.46 0.06 1
0.46 0.06 1.01
0.46 0.06 1.02
0.46 0.06 1.03
0.46 0.06 1.04
0.46 0.06 1.05
0.46 0.06 1.06
0.46 0.06 1.07
0.46 0.06 1.08
0.46 0.06 1.09
0.01 0.07 0.78
0.01 0.07 0.79
0.01 0.07 0.8
0.01 0.07 0.81
0.01 0.07 0.82
0.01 0.07 0.83
0.01 0.07 0.84
0.01 0.07 0.85
0.01 0.07 0.86
0.01 0.07 0.87
0.01 0.07 0.88
0.01 0.07 0.89
0.01 0.07 0.9
0.01 0.07 0.91
0.01 0.07 0.92
0.01 0.07 0.93
0.02 0.07 0.78
0.02 0.07 0.79
0.02 0.07 0.8
0.02 0.07 0.81
0.02 0.07 0.82
0.02 0.07 0.83
0.02 0.07 0.84
0.02 0.07 0.85
0.02 0.07 0.86
0.02 0.07 0.87
0.02 0.07 0.88
0.02 0.07 0.89
0.02 0.07 0.9
0.02 0.07 0.91
0.02 0.07 0.92
0.02 0.07 0.93
0.03 0.07 0.77
0.03 0.07 0.78
0.03 0.07 0.79
0.03 0.07 0.8
0.03 0.07 0.81
0.03 0.07 0.82
0.03 0.07 0.83
0.03 0.07 0.84
0.03 0.07 0.85
0.03 0.07 0.86
0.03 0.07 0.87
0.03 0.07 0.88
0.03 0.07 0.89
0.03 0.07 0.9
0.03 0.07 0.91
0.03 0.07 0.92
0.04 0.07 0.77
0.04 0.07 0.78
0.04 0.07 0.79
0.04 0.07 0.8
0.04 0.07 0.81
0.04 0.07 0.82
0.04 0.07 0.83
0.04 0.07 0.84
0.04 0.07 0.85
0.04 0.07 0.86
0.04 0.07 0.87
0.04 0.07 0.88
0.04 0.07 0.89
0.04 0.07 0.9
0.04 0.07 0.91
0.04 0.07 0.92
0.05 0.07 0.77
0.05 0.07 0.78
0.05 0.07 0.79
0.05 0.07 0.8
0.05 0.07 0.81
0.05 0.07 0.82
0.05 0.07 0.83
0.05 0.07 0.84
0.05 0.07 0.85
0.05 0.07 0.86
0.05 0.07 0.87
0.05 0.07 0.88
0.05 0.07 0.89
0.05 0.07 0.9
0.05 0.07 0.91
0.05 0.07 0.92
0.06 0.07 0.77
0.06 0.07 0.78
0.06 0.07 0.79
0.06 0.07 0.8
0.06 0.07 0.81
0.06 0.07 0.82
0.06 0.07 0.83
0.06 0.07 0.84
0.06 0.07 0.85
0.06 0.07 0.86
0.06 0.07 0.87
0.06 0.07 0.88
0.06 0.07 0.89
0.06 0.07 0.9
0.06 0.07 0.91
0.07 0.07 0.77
0.07 0.07 0.78
0.07 0.07 0.79
0.07 0.07 0.8
0.07 0.07 0.81
0.07 0.07 0.82
0.07 0.07 0.83
0.07 0.07 0.84
0.07 0.07 0.85
0.07 0.07 0.86
0.07 0.07 0.87
0.07 0.07 0.88
0.07 0.07 0.89
0.07 0.07 0.9
0.07 0.07 0.91
0.08 0.07 0.76
0.08 0.07 0.77
0.08 0.07 0.78
0.08 0.07 0.79
0.08 0.07 0.8
0.08 0.07 0.81
0.08 0.07 0.82
0.08 0.07 0.83
0.08 0.07 0.84
0.08 0.07 0.85
0.08 0.07 0.86
0.08 0.07 0.87
0.08 0.07 0.88
0.08 0.07 0.89
0.08 0.07 0.9
0.08 0.07 0.91
0.09 0.07 0.76
0.09 0.07 0.77
0.09 0.07 0.78
0.09 0.07 0.79
0.09 0.07 0.8
0.09 0.07 0.81
0.09 0.07 0.82
0.09 0.07 0.83
0.09 0.07 0.84
0.09 0.07 0.85
0.09 0.07 0.86
0.09 0.07 0.87
0.09 0.07 0.88
0.09 0.07 0.89
0.09 0.07 0.9
0.09 0.07 0.91
0.1 0.07 0.76
0.1 0.07 0.77
0.1 0.07 0.78
0.1 0.07 0.79
0.1 0.07 0.8
0.1 0.07 0.81
0.1 0.07 0.82
0.1 0.07 0.83
0.1 0.07 0.84
0.1 0.07 0.85
0.1 0.07 0.86
0.1 0.07 0.87
0.1 0.07 0.88
0.1 0.07 0.89
0.1 0.07 0.9
0.1 0.07 0.91
0.11 0.07 0.76
0.11 0.07 0.77
0.11 0.07 0.78
0.11 0.07 0.79
0.11 0.07 0.8
0.11 0.07 0.81
0.11 0.07 0.82
0.11 0.07 0.83
0.11 0.07 0.84
0.11 0.07 0.85
0.11 0.07 0.86
0.11 0.07 0.87
0.11 0.07 0.88
0.11 0.07 0.89
0.11 0.07 0.9
0.11 0.07 0.91
0.12 0.07 0.76
0.12 0.07 0.77
0.12 0.07 0.78
0.12 0.07 0.79
0.12 0.07 0.8
0.12 0.07 0.81
0.12 0.07 0.82
0.12 0.07 0.83
0.12 0.07 0.84
0.12 0.07 0.85
0.12 0.07 0.86
0.12 0.07 0.87
0.12 0.07 0.88
0.12 0.07 0.89
0.12 0.07 0.9
0.12 0.07 0.91
0.13 0.07 0.76
0.13 0.07 0.77
0.13 0.07 0.78
0.13 0.07 0.79
0.13 0.07 0.8
0.13 0.07 0.81
0.13 0.07 0.82
0.13 0.07 0.83
0.13 0.07 0.84
0.13 0.07 0.85
0.13 0.07 0.86
0.13 0.07 0.87
0.13 0.07 0.88
0.13 0.07 0.89
0.13 0.07 0.9
0.13 0.07 0.91
0.14 0.07 0.76
0.14 0.07 0.77
0.14 0.07 0.78
0.14 0.07 0.79
0.14 0.07 0.8
0.14 0.07 0.81
0.14 0.07 0.82
0.14 0.07 0.83
0.14 0.07 0.84
0.14 0.07 0.85
0.14 0.07 0.86
0.14 0.07 0.87
0.14 0.07 0.88
0.14 0.07 0.89
0.14 0.07 0.9
0.14 0.07 0.91
0.15 0.07 0.76
0.15 0.07 0.77
0.15 0.07 0.78
0.15 0.07 0.79
0.15 0.07 0.8
0.15 0.07 0.81
0.15 0.07 0.82
0.15 0.07 0.83
0.15 0.07 0.84
0.15 0.07 0.85
0.15 0.07 0.86
0.15 0.07 0.87
0.15 0.07 0.88
0.15 0.07 0.89
0.15 0.07 0.9
0.15 0.07 0.91
0.16 0.07 0.76
0.16 0.07 0.77
0.16 0.07 0.78
0.16 0.07 0.79
0.16 0.07 0.8
0.16 0.07 0.81
0.16 0.07 0.82
0.16 0.07 0.83
0.16 0.07 0.84
0.16 0.07 0.85
0.16 0.07 0.86
0.16 0.07 0.87
0.16 0.07 0.88
0.16 0.07 0.89
0.16 0.07 0.9
0.16 0.07 0.91
0.17 0.07 0.76
0.17 0.07 0.77
0.17 0.07 0.78
0.17 0.07 0.79
0.17 0.07 0.8
0.17 0.07 0.81
0.17 0.07 0.82
0.17 0.07 0.83
0.17 0.07 0.84
0.17 0.07 0.85
0.17 0.07 0.86
0.17 0.07 0.87
0.17 0.07 0.88
0.17 0.07 0.89
0.17 0.07 0.9
0.17 0.07 0.91
0.18 0.07 0.76
0.18 0.07 0.77
0.18 0.07 0.78
0.18 0.07 0.79
0.18 0.07 0.8
0.18 0.07 0.81
0.18 0.07 0.82
0.18 0.07 0.83
0.18 0.07 0.84
0.18 0.07 0.85
0.18 0.07 0.86
0.18 0.07 0.87
0.18 0.07 0.88
0.18 0.07 0.89
0.18 0.07 0.9
0.18 0.07 0.91
0.19 0.07 0.76
0.19 0.07 0.77
0.19 0.07 0.78
0.19 0.07 0.79
0.19 0.07 0.8
0.19 0.07 0.81
0.19 0.07 0.82
0.19 0.07 0.83
0.19 0.07 0.84
0.19 0.07 0.85
0.19 0.07 0.86
0.19 0.07 0.87
0.19 0.07 0.88
0.19 0.07 0.89
0.19 0.07 0.9
0.19 0.07 0.91
0.2 0.07 0.77
0.2 0.07 0.78
0.2 0.07 0.79
0.2 0.07 0.8
0.2 0.07 0.81
0.2 0.07 0.82
0.2 0.07 0.83
0.2 0.07 0.84
0.2 0.07 0.85
0.2 0.07 0.86
0.2 0.07 0.87
0.2 0.07 0.88
0.2 0.07 0.89
0.2 0.07 0.9
0.2 0.07 0.91
0.21 0.07 0.77
0.21 0.07 0.78
0.21 0.07 0.79
0.21 0.07 0.8
0.21 0.07 0.81
0.21 0.07 0.82
0.21 0.07 0.83
0.21 0.07 0.84
0.21 0.07 0.85
0.21 0.07 0.86
0.21 0.07 0.87
0.21 0.07 0.88
0.21 0.07 0.89
0.21 0.07 0.9
0.21 0.07 0.91
0.22 0.07 0.77
0.22 0.07 0.78
0.22 0.07 0.79
0.22 0.07 0.8
0.22 0.07 0.81
0.22 0.07 0.82
0.22 0.07 0.83
0.22 0.07 0.84
0.22 0.07 0.85
0.22 0.07 0.86
0.22 0.07 0.87
0.22 0.07 0.88
0.22 0.07 0.89
0.22 0.07 0.9
0.22 0.07 0.91
0.22 0.07 0.92
0.23 0.07 0.77
0.23 0.07 0.78
0.23 0.07 0.79
0.23 0.07 0.8
0.23 0.07 0.81
0.23 0.07 0.82
0.23 0.07 0.83
0.23 0.07 0.84
0.23 0.07 0.85
0.23 0.07 0.86
0.23 0.07 0.87
0.23 0.07 0.88
0.23 0.07 0.89
0.23 0.07 0.9
0.23 0.07 0.91
0.23 0.07 0.92
0.24 0.07 0.77
0.24 0.07 0.78
0.24 0.07 0.79
0.24 0.07 0.8
0.24 0.07 0.81
0.24 0.07 0.82
0.24 0.07 0.83
0.24 0.07 0.84
0.24 0.07 0.85
0.24 0.07 0.86
0.24 0.07 0.87
0.24 0.07 0.88
0.24 0.07 0.89
0.24 0.07 0.9
0.24 0.07 0.91
0.24 0.07 0.92
0.25 0.07 0.77
0.25 0.07 0.78
0.25 0.07 0.79
0.25 0.07 0.8
0.25 0.07 0.81
0.25 0.07 0.82
0.25 0.07 0.83
0.25 0.07 0.84
0.25 0.07 0.85
0.25 0.07 0.86
0.25 0.07 0.87
0.25 0.07 0.88
0.25 0.07 0.89
0.25 0.07 0.9
0.25 0.07 0.91
0.25 0.07 0.92
0.26 0.07 0.78
0.26 0.07 0.79
0.26 0.07 0.8
0.26 0.07 0.81
0.26 0.07 0.82
0.26 0.07 0.83
0.26 0.07 0.84
0.26 0.07 0.85
0.26 0.07 0.86
0.26 0.07 0.87
0.26 0.07 0.88
0.26 0.07 0.89
0.26 0.07 0.9
0.26 0.07 0.91
0.26 0.07 0.92
0.26 0.07 0.93
0.27 0.07 0.78
0.27 0.07 0.79
0.27 0.07 0.8
0.27 0.07 0.81
0.27 0.07 0.82
0.27 0.07 0.83
0.27 0.07 0.84
0.27 0.07 0.85
0.27 0.07 0.86
0.27 0.07 0.87
0.27 0.07 0.88
0.27 0.07 0.89
0.27 0.07 0.9
0.27 0.07 0.91
0.27 0.07 0.92
0.27 0.07 0.93
0.28 0.07 0.78
0.28 0.07 0.79
0.28 0.07 0.8
0.28 0.07 0.81
0.28 0.07 0.82
0.28 0.07 0.83
0.28 0.07 0.84
0.28 0.07 0.85
0.28 0.07 0.86
0.28 0.07 0.87
0.28 0.07 0.88
0.28 0.07 0.89
0.28 0.07 0.9
0.28 0.07 0.91
0.28 0.07 0.92
0.28 0.07 0.93
0.28 0.07 0.94
0.29 0.07 0.78
0.29 0.07 0.79
0.29 0.07 0.8
0.29 0.07 0.81
0.29 0.07 0.82
0.29 0.07 0.83
0.29 0.07 0.84
0.29 0.07 0.85
0.29 0.07 0.86
0.29 0.07 0.87
0.29 0.07 0.88
0.29 0.07 0.89
0.29 0.07 0.9
0.29 0.07 0.91
0.29 0.07 0.92
0.29 0.07 0.93
0.29 0.07 0.94
0.3 0.07 0.79
0.3 0.07 0.8
0.3 0.07 0.81
0.3 0.07 0.82
0.3 0.07 0.83
0.3 0.07 0.84
0.3 0.07 0.85
0.3 0.07 0.86
0.3 0.07 0.87
0.3 0.07 0.88
0.3 0.07 0.89
0.3 0.07 0.9
0.3 0.07 0.91
0.3 0.07 0.92
0.3 0.07 0.93
0.3 0.07 0.94
0.31 0.07 0.79
0.31 0.07 0.8
0.31 0.07 0.81
0.31 0.07 0.82
0.31 0.07 0.83
0.31 0.07 0.84
0.31 0.07 0.85
0.31 0.07 0.86
0.31 0.07 0.87
0.31 0.07 0.88
0.31 0.07 0.89
0.31 0.07 0.9
0.31 0.07 0.91
0.31 0.07 0.92
0.31 0.07 0.93
0.31 0.07 0.94
0.31 0.07 0.95
0.32 0.07 0.79
0.32 0.07 0.8
0.32 0.07 0.81
0.32 0.07 0.82
0.32 0.07 0.83
0.32 0.07 0.84
0.32 0.07 0.85
0.32 0.07 0.86
0.32 0.07 0.87
0.32 0.07 0.88
0.32 0.07 0.89
0.32 0.07 0.9
0.32 0.07 0.91
0.32 0.07 0.92
0.32 0.07 0.93
0.32 0.07 0.94
0.32 0.07 0.95
0.33 0.07 0.8
0.33 0.07 0.81
0.33 0.07 0.82
0.33 0.07 0.83
0.33 0.07 0.84
0.33 0.07 0.85
0.33 0.07 0.86
0.33 0.07 0.87
0.33 0.07 0.88
0.33 0.07 0.89
0.33 0.07 0.9
0.33 0.07 0.91
0.33 0.07 0.92
0.33 0.07 0.93
0.33 0.07 0.94
0.33 0.07 0.95
0.33 0.07 0.96
0.34 0.07 0.8
0.34 0.07 0.81
0.34 0.07 0.82
0.34 0.07 0.83
0.34 0.07 0.84
0.34 0.07 0.85
0.34 0.07 0.86
0.34 0.07 0.87
0.34 0.07 0.88
0.34 0.07 0.89
0.34 0.07 0.9
0.34 0.07 0.91
0.34 0.07 0.92
0.34 0.07 0.93
0.34 0.07 0.94
0.34 0.07 0.95
0.34 0.07 0.96
0.34 0.07 0.97
0.35 0.07 0.81
0.35 0.07 0.82
0.35 0.07 0.83
0.35 0.07 0.84
0.35 0.07 0.85
0.35 0.07 0.86
0.35 0.07 0.87
0.35 0.07 0.88
0.35 0.07 0.89
0.35 0.07 0.9
0.35 0.07 0.91
0.35 0.07 0.92
0.35 0.07 0.93
0.35 0.07 0.94
0.35 0.07 0.95
0.35 0.07 0.96
0.35 0.07 0.97
0.36 0.07 0.81
0.36 0.07 0.82
0.36 0.07 0.83
0.36 0.07 0.84
0.36 0.07 0.85
0.36 0.07 0.86
0.36 0.07 0.87
0.36 0.07 0.88
0.36 0.07 0.89
0.36 0.07 0.9
0.36 0.07 0.91
0.36 0.07 0.92
0.36 0.07 0.93
0.36 0.07 0.94
0.36 0.07 0.95
0.36 0.07 0.96
0.36 0.07 0.97
0.36 0.07 0.98
0.37 0.07 0.81
0.37 0.07 0.82
0.37 0.07 0.83
0.37 0.07 0.84
0.37 0.07 0.85
0.37 0.07 0.86
0.37 0.07 0.87
0.37 0.07 0.88
0.37 0.07 0.89
0.37 0.07 0.9
0.37 0.07 0.91
0.37 0.07 0.92
0.37 0.07 0.93
0.37 0.07 0.94
0.37 0.07 0.95
0.37 0.07 0.96
0.37 0.07 0.97
0.37 0.07 0.98
0.37 0.07 0.99
0.38 0.07 0.82
0.38 0.07 0.83
0.38 0.07 0.84
0.38 0.07 0.85
0.38 0.07 0.86
0.38 0.07 0.87
0.38 0.07 0.88
0.38 0.07 0.89
0.38 0.07 0.9
0.38 0.07 0.91
0.38 0.07 0.92
0.38 0.07 0.93
0.38 0.07 0.94
0.38 0.07 0.95
0.38 0.07 0.96
0.38 0.07 0.97
0.38 0.07 0.98
0.38 0.07 0.99
0.39 0.07 0.82
0.39 0.07 0.83
0.39 0.07 0.84
0.39 0.07 0.85
0.39 0.07 0.86
0.39 0.07 0.87
0.39 0.07 0.88
0.39 0.07 0.89
0.39 0.07 0.9
0.39 0.07 0.91
0.39 0.07 0.92
0.39 0.07 0.93
0.39 0.07 0.94
0.39 0.07 0.95
0.39 0.07 0.96
0.39 0.07 0.97
0.39 0.07 0.98
0.39 0.07 0.99
0.39 0.07 1
0.4 0.07 0.83
0.4 0.07 0.84
0.4 0.07 0.85
0.4 0.07 0.86
0.4 0.07 0.87
0.4 0.07 0.88
0.4 0.07 0.89
0.4 0.07 0.9
0.4 0.07 0.91
0.4 0.07 0.92
0.4 0.07 0.93
0.4 0.07 0.94
0.4 0.07 0.95
0.4 0.07 0.96
0.4 0.07 0.97
0.4 0.07 0.98
0.4 0.07 0.99
0.4 0.07 1
0.4 0.07 1.01
0.41 0.07 0.84
0.41 0.07 0.85
0.41 0.07 0.86
0.41 0.07 0.87
0.41 0.07 0.88
0.41 0.07 0.89
0.41 0.07 0.9
0.41 0.07 0.91
0.41 0.07 0.92
0.41 0.07 0.93
0.41 0.07 0.94
0.41 0.07 0.95
0.41 0.07 0.96
0.41 0.07 0.97
0.41 0.07 0.98
0.41 0.07 0.99
0.41 0.07 1
0.41 0.07 1.01
0.41 0.07 1.02
0.42 0.07 0.84
0.42 0.07 0.85
0.42 0.07 0.86
0.42 0.07 0.87
0.42 0.07 0.88
0.42 0.07 0.89
0.42 0.07 0.9
0.42 0.07 0.91
0.42 0.07 0.92
0.42 0.07 0.93
0.42 0.07 0.94
0.42 0.07 0.95
0.42 0.07 0.96
0.42 0.07 0.97
0.42 0.07 0.98
0.42 0.07 0.99
0.42 0.07 1
0.42 0.07 1.01
0.42 0.07 1.02
0.42 0.07 1.03
0.43 0.07 0.85
0.43 0.07 0.86
0.43 0.07 0.87
0.43 0.07 0.88
0.43 0.07 0.89
0.43 0.07 0.9
0.43 0.07 0.91
0.43 0.07 0.92
0.43 0.07 0.93
0.43 0.07 0.94
0.43 0.07 0.95
0.43 0.07 0.96
0.43 0.07 0.97
0.43 0.07 0.98
0.43 0.07 0.99
0.43 0.07 1
0.43 0.07 1.01
0.43 0.07 1.02
0.43 0.07 1.03
0.43 0.07 1.04
0.44 0.07 0.85
0.44 0.07 0.86
0.44 0.07 0.87
0.44 0.07 0.88
0.44 0.07 0.89
0.44 0.07 0.9
0.44 0.07 0.91
0.44 0.07 0.92
0.44 0.07 0.93
0.44 0.07 0.94
0.44 0.07 0.95
0.44 0.07 0.96
0.44 0.07 0.97
0.44 0.07 0.98
0.44 0.07 0.99
0.44 0.07 1
0.44 0.07 1.01
0.44 0.07 1.02
0.44 0.07 1.03
0.44 0.07 1.04
0.44 0.07 1.05
0.45 0.07 0.86
0.45 0.07 0.87
0.45 0.07 0.88
0.45 0.07 0.89
0.45 0.07 0.9
0.45 0.07 0.91
0.45 0.07 0.92
0.45 0.07 0.93
0.45 0.07 0.94
0.45 0.07 0.95
0.45 0.07 0.96
0.45 0.07 0.97
0.45 0.07 0.98
0.45 0.07 0.99
0.45 0.07 1
0.45 0.07 1.01
0.45 0.07 1.02
0.45 0.07 1.03
0.45 0.07 1.04
0.45 0.07 1.05
0.45 0.07 1.06
0.45 0.07 1.07
0.46 0.07 0.87
0.46 0.07 0.88
0.46 0.07 0.89
0.46 0.07 0.9
0.46 0.07 0.91
0.46 0.07 0.92
0.46 0.07 0.93
0.46 0.07 0.94
0.46 0.07 0.95
0.46 0.07 0.96
0.46 0.07 0.97
0.46 0.07 0.98
0.46 0.07 0.99
0.46 0.07 1
0.46 0.07 1.01
0.46 0.07 1.02
0.46 0.07 1.03
0.46 0.07 1.04
0.46 0.07 1.05
0.46 0.07 1.06
0.46 0.07 1.07
0.46 0.07 1.08
