 0.442024
 -0.0456314
 0.259438
 0.346169
 1.56442
 0.766693
 0.941216
 1.4679
 1.22455
 -0.37886
 -0.120636
 0.855858
 0.774231
 -0.00854492
 0.480881
 0.374596
 -0.813492
 0.520042
 1.74
 1.72757
 1.61742
 0.415955
 0.135155
 0.337143
 0.569397
 0.189804
 0.272636
 1.10762
 0.202393
 0.227371
 -0.781242
 0.646225
 -0.283646
 0.488228
 -0.0626602
 0.646187
 0.0111465
 -0.453148
 -0.208313
 0.489082
 0.192085
 0.830948
 1.15725
 -0.817673
 0.789062
 0.0774307
 0.602882
 -0.136795
 -0.0485535
 0.903755
 0.360306
 0.548584
 0.889465
 1.0858
 1.82052
 1.56139
 0.912537
 0.190628
 0.0476303
 0.0655975
 -0.416039
 0.595238
 0.204506
 0.721107
 2.23955
 0.772118
 1.27583
 0.974609
 -0.0848465
 1.3817
 0.104736
 0.497337
 0.971855
 1.67038
 0.307068
 0.180664
 0.529091
 1.24323
 1.38451
 1.06951
 0.746613
 0.0809708
 0.503159
 0.831108
 0.171143
 0.568375
 1.54459
 0.348175
 0.668449
 -0.224518
 0.780769
 0.374191
 0.686516
 1.32343
 0.455147
 1
 1.1045
 0.477325
 0.0399551
 1.21443
 -0.268776
 -0.183754
 -0.368553
 0.164391
 1.91037
 0.558151
