 1.74732
 2.50174
 1.45508
 1.89718
 2.17162
 1.08157
 2.13579
 2.5742
 2.68758
 3.59514
 2.79234
 2.59808
 3.50446
 2.78673
 2.94279
 3.98975
 2.70511
 2.43563
 2.78436
 2.59723
 2.81992
 3.55077
 3.58977
 14.8104
 18.8878
 -1.19746
 -0.65004
 -1.51095
 -0.893898
 -1.10049
 -1.18106
 -1.40611
 -0.874298
 -0.23568
 -0.66304
 0.00771332
 -0.663399
 -0.517448
 -1.69598
 -1.48481
 -1.47072
 -1.27574
 -1.19613
 -1.21249
 -0.872101
 0.209541
 0.271698
 -1.25394
 -1.56603
 -1.55965
 -0.788551
 -1.48186
 -2.00758
 -1.50662
 -0.136314
 -1.23322
 -0.161217
 -1.12893
 -0.875961
 -1.42265
 -0.0747528
 -1.04562
 -1.13327
 -0.69381
 -0.243942
 -0.232185
 -0.366203
 -0.720482
 -1.20502
 -1.37717
 -1.33302
 -1.48504
 -1.31982
 -1.08752
 -1.20947
 -0.962952
 -0.567291
 -1.43934
 -0.544098
 -1.07766
 -1.03331
 -0.92746
 -0.76767
 -1.18442
 -1.76345
 -0.932663
 -1.96766
 -1.49554
 -2.02165
 -1.40865
 -2.00831
 -0.927673
 -1.40539
 -1.7342
 -0.951447
 -0.812782
 -1.17578
 -1.33364
 -1.28486
 -1.29759
 -2.57622
 -1.83912
 -1.86569
 -0.998367
 -1.65421
 -1.81325
 -1.0138
 -1.00267
 -1.06853
 -1.19588
 -1.2514
 -1.54583
 -0.970543
 -0.526878
 -0.54052
 -1.16611
 -1.0781
 -1.52366
 -0.92572
 -0.724541
 -0.993919
 -1.78268
 -1.80255
 -1.98572
 -1.78016
 -1.03321
 -0.700233
 -0.783302
 -0.351997
 -1.93244
 -2.04658
 -1.71388
 -1.39771
 -1.26397
 -1.34102
 -1.40182
 -1.01955
 -1.08432
 -1.34816
 -1.59552
 -1.46954
 -1.49505
 -1.64773
 -1.26118
 -1.48161
 -1.7282
 -2.33749
 -2.22379
 -2.1133
 -1.95495
 -1.29128
 -1.81421
 -1.37505
 -0.966713
 -2.1078
 -1.42661
 -1.40802
 -1.5371
 -1.4809
 -1.50692
 -1.23299
 -1.10751
 -0.620369
 -0.344826
 -0.358147
 -1.34644
 -1.4209
 -1.14927
 -1.66392
 -1.95973
 -1.9406
 -2.29211
 -1.8721
 -0.842117
 -1.06007
 -1.45526
 -0.409538
 -0.308853
 -1.17307
 -1.13455
 -1.00211
 -0.923462
 -1.34419
 -1.13445
 -0.716339
 -0.883522
 -1.25018
 -1.7543
 -1.12025
 -1.00009
 -0.852173
 -1.07375
 -1.78715
 -0.932373
 -1.18907
 -1.26643
 -0.587761
 -1.3782
 -0.788315
 -1.47024
 -0.668625
 -1.35509
 -0.995232
 -0.663826
 -1.16678
 -1.6177
 -1.17558
 -1.71933
 -2.0508
 -2.21099
 -1.48569
 -1.58
 -1.40556
 -0.81707
 -0.965424
 -0.919327
 -1.7623
 -1.80288
 -1.87094
