centroid: 0.715939 0.0133899 0.850386
centroid: 0.715986 0.0137464 0.850122
centroid: 0.715965 0.013832 0.85036
centroid: 0.715664 0.0135218 0.850085
centroid: 0.715888 0.01343 0.850325
centroid: 0.715743 0.0136702 0.850143
centroid: 0.715869 0.0135334 0.850349
centroid: 0.715887 0.0135544 0.850419
centroid: 0.715786 0.0135905 0.850225
centroid: 0.715836 0.013662 0.85025
centroid: 0.715778 0.0136403 0.850243
centroid: 0.715826 0.0136535 0.850199
centroid: 0.715751 0.0135756 0.850388
centroid: 0.715754 0.0134305 0.850273
centroid: 0.71572 0.0136175 0.84991
centroid: 0.715868 0.0137177 0.850469
centroid: 0.715919 0.0133635 0.850674
centroid: 0.715794 0.0139284 0.850306
centroid: 0.715886 0.013939 0.850158
centroid: 0.715759 0.0136765 0.850081
centroid: 0.715813 0.0133923 0.849972
centroid: 0.715725 0.0138595 0.849984
centroid: 0.715763 0.0139281 0.850506
centroid: 0.715672 0.0139452 0.850024
centroid: 0.715683 0.0137872 0.850418
centroid: 0.715886 0.0140507 0.850522
centroid: 0.715615 0.0136829 0.850258
centroid: 0.715652 0.0134838 0.850171
centroid: 0.715758 0.0138561 0.85021
centroid: 0.715798 0.013689 0.850465
centroid: 0.715626 0.0134236 0.850271
centroid: 0.715657 0.0132313 0.850161
centroid: 0.715565 0.0136109 0.850142
centroid: 0.715708 0.0136809 0.850295
centroid: 0.715668 0.0134411 0.850453
centroid: 0.715654 0.0137389 0.850207
centroid: 0.71556 0.0138135 0.850063
centroid: 0.715784 0.0135077 0.850624
centroid: 0.715788 0.0135444 0.850169
centroid: 0.715773 0.0139737 0.850771
centroid: 0.715664 0.01384 0.850232
centroid: 0.715822 0.0137029 0.850566
centroid: 0.715743 0.0135347 0.850414
centroid: 0.715751 0.0135843 0.850306
centroid: 0.715764 0.0135076 0.850273
centroid: 0.715802 0.0137762 0.850613
centroid: 0.71571 0.0136628 0.85057
centroid: 0.715829 0.0137954 0.850428
centroid: 0.715895 0.0135782 0.85051
centroid: 0.715814 0.0138825 0.850448
centroid: 0.715829 0.0136841 0.850499
centroid: 0.715769 0.0140079 0.850605
centroid: 0.715705 0.013827 0.850307
centroid: 0.7157 0.0137888 0.850507
centroid: 0.715765 0.013851 0.850396
centroid: 0.715719 0.014048 0.850431
centroid: 0.715738 0.013915 0.85022
centroid: 0.626676 0.0761238 0.887714
centroid: 0.648084 0.0986311 0.895927
centroid: 0.719439 0.0168543 0.850412
centroid: 0.719582 0.0172313 0.850507
centroid: 0.719426 0.0171045 0.850341
centroid: 0.719388 0.0173848 0.850127
centroid: 0.719343 0.0170851 0.850349
centroid: 0.719541 0.0172309 0.850523
centroid: 0.719493 0.0171105 0.850498
centroid: 0.719515 0.0169573 0.850442
centroid: 0.719241 0.0167496 0.850342
centroid: 0.719334 0.0173802 0.850285
centroid: 0.719402 0.0170004 0.850571
centroid: 0.719275 0.0170026 0.850178
centroid: 0.71954 0.0171403 0.850339
centroid: 0.719273 0.0174261 0.850357
centroid: 0.719223 0.0169425 0.850343
centroid: 0.71927 0.017517 0.850239
centroid: 0.719398 0.0171581 0.850348
centroid: 0.719354 0.0172164 0.850431
centroid: 0.719423 0.0168594 0.850369
centroid: 0.719276 0.0169608 0.850127
centroid: 0.719437 0.0171583 0.850415
centroid: 0.719446 0.0170299 0.850214
centroid: 0.71931 0.0173326 0.850029
centroid: 0.719503 0.0170429 0.850079
centroid: 0.71934 0.016862 0.850083
centroid: 0.719467 0.0171968 0.850078
centroid: 0.719471 0.0176204 0.850644
centroid: 0.719295 0.0167697 0.849959
centroid: 0.719356 0.0169219 0.85018
centroid: 0.719224 0.0171316 0.850243
centroid: 0.719441 0.0172511 0.850106
centroid: 0.719413 0.0170149 0.850308
centroid: 0.719612 0.0175677 0.850286
centroid: 0.719365 0.0171178 0.850101
centroid: 0.719326 0.016847 0.850354
centroid: 0.719583 0.0169529 0.850621
centroid: 0.719434 0.0168258 0.850607
centroid: 0.719371 0.0173095 0.850819
centroid: 0.719401 0.017239 0.850568
centroid: 0.719511 0.0171424 0.850163
centroid: 0.71931 0.0172761 0.850094
centroid: 0.719346 0.0171925 0.849843
centroid: 0.719178 0.0171216 0.850146
centroid: 0.719412 0.0172621 0.850295
centroid: 0.719312 0.0172431 0.850388
centroid: 0.719465 0.0168528 0.850508
centroid: 0.719361 0.0170179 0.850039
centroid: 0.719402 0.0170193 0.850145
centroid: 0.719447 0.01683 0.850467
centroid: 0.719553 0.0173302 0.850458
centroid: 0.719293 0.0168869 0.850669
centroid: 0.719461 0.0170265 0.850292
centroid: 0.71955 0.0170789 0.85063
centroid: 0.719268 0.0169723 0.85005
centroid: 0.719404 0.0166102 0.850405
centroid: 0.71934 0.0170838 0.850299
centroid: 0.719325 0.0167306 0.850415
centroid: 0.719288 0.016818 0.850127
centroid: 0.719384 0.0166209 0.850014
centroid: 0.719323 0.0167983 0.85007
centroid: 0.719637 0.0170397 0.850559
centroid: 0.719486 0.0168898 0.850408
centroid: 0.719334 0.0172526 0.850689
centroid: 0.71945 0.0173363 0.850717
centroid: 0.719435 0.0170563 0.850518
centroid: 0.719468 0.0167673 0.850682
centroid: 0.719416 0.0169113 0.85014
centroid: 0.719476 0.0169583 0.850243
centroid: 0.719422 0.0171614 0.850291
centroid: 0.719347 0.0171045 0.850566
centroid: 0.719429 0.0171583 0.850074
centroid: 0.71933 0.0171822 0.850392
centroid: 0.719309 0.0171671 0.850612
centroid: 0.719431 0.0171863 0.850318
centroid: 0.719339 0.0171113 0.850279
centroid: 0.719414 0.0172914 0.850624
centroid: 0.719473 0.017399 0.850557
centroid: 0.71925 0.0168301 0.85006
centroid: 0.719353 0.017255 0.850375
centroid: 0.719476 0.0171059 0.850474
centroid: 0.71924 0.0172006 0.850111
centroid: 0.719574 0.0170109 0.850738
centroid: 0.719457 0.0170628 0.850662
centroid: 0.719451 0.0170923 0.850277
centroid: 0.71951 0.0171376 0.850195
centroid: 0.719514 0.0168485 0.850385
centroid: 0.719253 0.0169883 0.850111
centroid: 0.719215 0.0170001 0.850144
centroid: 0.719184 0.0171866 0.850522
centroid: 0.71937 0.0169536 0.850037
centroid: 0.719456 0.0167394 0.850219
centroid: 0.719336 0.0170271 0.850052
centroid: 0.719454 0.0168666 0.850374
centroid: 0.719312 0.0167988 0.850236
centroid: 0.719354 0.0171066 0.850283
centroid: 0.719363 0.0173665 0.850413
centroid: 0.719414 0.0170766 0.850439
centroid: 0.719433 0.0173847 0.850182
centroid: 0.719493 0.0169201 0.850794
centroid: 0.719487 0.0169728 0.850596
centroid: 0.719252 0.0172596 0.850238
centroid: 0.719428 0.017003 0.850432
centroid: 0.719621 0.0171376 0.850816
centroid: 0.71937 0.0172013 0.85036
centroid: 0.719312 0.0168925 0.850494
centroid: 0.719365 0.0171336 0.850696
centroid: 0.719333 0.0173936 0.850572
centroid: 0.719479 0.0172149 0.850563
centroid: 0.719298 0.0170257 0.850646
centroid: 0.719559 0.0172145 0.850479
centroid: 0.719469 0.0172456 0.850493
centroid: 0.719416 0.0171988 0.850713
centroid: 0.719336 0.0168528 0.850317
centroid: 0.719465 0.0168779 0.850619
centroid: 0.719454 0.0172329 0.850564
centroid: 0.71945 0.0170832 0.850529
centroid: 0.71939 0.0169532 0.850452
centroid: 0.719333 0.0169026 0.85019
centroid: 0.719513 0.0171438 0.850705
centroid: 0.719463 0.0170055 0.850357
centroid: 0.719362 0.0169868 0.850429
centroid: 0.719416 0.017388 0.850265
centroid: 0.71941 0.017004 0.850588
centroid: 0.719202 0.0170322 0.850347
centroid: 0.719515 0.0171463 0.850338
centroid: 0.719386 0.0171819 0.850455
centroid: 0.719284 0.0170402 0.850303
centroid: 0.719297 0.0169293 0.850054
centroid: 0.719486 0.0173973 0.850331
centroid: 0.719451 0.0174241 0.850017
centroid: 0.719374 0.0171562 0.850092
centroid: 0.719448 0.0172715 0.850271
centroid: 0.719333 0.0171481 0.850725
centroid: 0.719331 0.0169431 0.850139
centroid: 0.719248 0.01716 0.850382
centroid: 0.719314 0.0170556 0.850433
centroid: 0.71923 0.0171459 0.85033
centroid: 0.719499 0.0171978 0.850593
centroid: 0.719334 0.0172444 0.850559
centroid: 0.719425 0.0169478 0.850155
centroid: 0.719409 0.0171569 0.850291
centroid: 0.719355 0.0173377 0.850477
centroid: 0.719484 0.0169916 0.850528
centroid: 0.719293 0.0173361 0.850439
centroid: 0.719397 0.0172866 0.850326
centroid: 0.719283 0.0173393 0.850469
centroid: 0.719526 0.0173186 0.850591
centroid: 0.719253 0.0168679 0.850357
centroid: 0.719353 0.0171052 0.850386
centroid: 0.719251 0.0169539 0.850194
centroid: 0.719288 0.0171006 0.850064
centroid: 0.719319 0.0168834 0.850438
centroid: 0.719168 0.0169651 0.8501
centroid: 0.719359 0.0168909 0.850041
centroid: 0.719269 0.0169842 0.850506
centroid: 0.719228 0.0168698 0.850367
centroid: 0.719223 0.0171095 0.850091
centroid: 0.719199 0.0171683 0.850495
centroid: 0.719324 0.0170004 0.850366
centroid: 0.719276 0.0169554 0.85036
centroid: 0.719473 0.0167986 0.850733
centroid: 0.719226 0.017233 0.850286
centroid: 0.719094 0.0167884 0.850599
centroid: 0.719278 0.0169057 0.850576
centroid: 0.719398 0.0169319 0.850319
centroid: 0.719546 0.0174198 0.850753
centroid: 0.719393 0.0171522 0.850068
centroid: 0.719489 0.0169859 0.850729
centroid: 0.719299 0.0172735 0.850679
centroid: 0.719167 0.0168205 0.85052
centroid: 0.719367 0.0172641 0.85046
centroid: 0.719335 0.016924 0.850521
centroid: 0.719384 0.0170853 0.850413
centroid: 0.71942 0.0168182 0.8504
centroid: 0.719228 0.0167778 0.850331
centroid: 0.719432 0.0170455 0.850485
centroid: 0.719151 0.0171444 0.850483
centroid: 0.719098 0.0169236 0.850565
centroid: 0.719171 0.0169405 0.850402
centroid: 0.719174 0.0168452 0.850606
centroid: 0.719325 0.0172232 0.850438
centroid: 0.719275 0.0170235 0.850141
centroid: 0.719386 0.0169581 0.850766
centroid: 0.719444 0.0168104 0.850848
centroid: 0.719276 0.0170712 0.850395
centroid: 0.719519 0.017238 0.850725
centroid: 0.719204 0.0173914 0.850208
centroid: 0.719263 0.0172293 0.850809
centroid: 0.719173 0.0170536 0.850598
centroid: 0.719552 0.0171648 0.850712
centroid: 0.719098 0.0170615 0.84983
centroid: 0.719417 0.0170849 0.850334
centroid: 0.719423 0.0172032 0.850338
centroid: 0.719428 0.0171445 0.850441
centroid: 0.71936 0.0172115 0.85055
centroid: 0.719499 0.0171702 0.850803
centroid: 0.719357 0.0173628 0.850251
centroid: 0.719402 0.0170352 0.850664
centroid: 0.719461 0.0171474 0.850268
centroid: 0.719345 0.0171684 0.850229
centroid: 0.719449 0.0170904 0.850547
centroid: 0.71924 0.0170794 0.850338
centroid: 0.719465 0.0172526 0.850818
centroid: 0.71927 0.0172017 0.850257
centroid: 0.719356 0.0172521 0.85048
centroid: 0.719423 0.0170925 0.850421
centroid: 0.719352 0.0169265 0.850223
centroid: 0.719405 0.0171442 0.85047
centroid: 0.719272 0.0169468 0.850678
centroid: 0.719192 0.0175183 0.850207
centroid: 0.719546 0.0172845 0.850555
centroid: 0.719345 0.0169771 0.850634
centroid: 0.719275 0.0171986 0.850207
centroid: 0.719304 0.0169708 0.850391
centroid: 0.719351 0.0173068 0.850481
centroid: 0.719381 0.017052 0.850136
centroid: 0.719325 0.0173256 0.850335
centroid: 0.719175 0.0168628 0.850672
centroid: 0.719289 0.0174347 0.850285
centroid: 0.719377 0.0171084 0.849832
centroid: 0.719434 0.0170672 0.850569
centroid: 0.719307 0.0171746 0.850368
centroid: 0.719038 0.0171911 0.850358
centroid: 0.7192 0.0171868 0.850362
centroid: 0.719174 0.0172093 0.850776
centroid: 0.719309 0.0172478 0.850541
centroid: 0.719063 0.0169954 0.850536
centroid: 0.719122 0.0169743 0.85019
centroid: 0.719137 0.0169375 0.850356
centroid: 0.719162 0.0169048 0.850174
centroid: 0.719039 0.016986 0.850178
centroid: 0.719201 0.0170081 0.850545
centroid: 0.719232 0.0169163 0.851051
centroid: 0.719276 0.0172338 0.850466
centroid: 0.719252 0.0174572 0.850458
centroid: 0.719319 0.0170291 0.850469
centroid: 0.719177 0.0172476 0.850624
centroid: 0.719312 0.0172214 0.850547
centroid: 0.719258 0.0173264 0.850591
centroid: 0.719266 0.0172288 0.85071
centroid: 0.719104 0.0170722 0.850704
centroid: 0.719267 0.0172163 0.850437
centroid: 0.719237 0.0171117 0.850403
centroid: 0.719271 0.0172905 0.850754
centroid: 0.719335 0.0172429 0.850648
centroid: 0.719341 0.0173434 0.8507
centroid: 0.718979 0.0170472 0.850124
centroid: 0.719424 0.0171584 0.850594
centroid: 0.719324 0.0169756 0.850676
centroid: 0.719306 0.0171408 0.850752
centroid: 0.719235 0.0173837 0.850693
centroid: 0.719162 0.0173245 0.850593
centroid: 0.719364 0.0170413 0.850555
centroid: 0.719398 0.0171934 0.850491
centroid: 0.719445 0.0170611 0.85066
centroid: 0.719417 0.017476 0.850584
centroid: 0.719283 0.0176031 0.850651
centroid: 0.719346 0.0173225 0.850501
centroid: 0.719279 0.0170087 0.850114
centroid: 0.71923 0.0172533 0.850686
centroid: 0.719301 0.0170252 0.850427
centroid: 0.719381 0.0173566 0.850577
centroid: 0.719352 0.0171291 0.850306
