centroid: 0.750836 0.0155482 0.854335
centroid: 0.750646 0.0151473 0.854224
centroid: 0.750663 0.0152324 0.85404
centroid: 0.750648 0.0156621 0.854167
centroid: 0.75065 0.015223 0.853739
centroid: 0.750665 0.0155786 0.853915
centroid: 0.750765 0.015787 0.853955
centroid: 0.750586 0.0154372 0.853568
centroid: 0.750586 0.0151779 0.853909
centroid: 0.750502 0.0154101 0.853678
centroid: 0.750553 0.0153299 0.854039
centroid: 0.750642 0.0152411 0.853974
centroid: 0.750503 0.0154424 0.854102
centroid: 0.75056 0.015421 0.853909
centroid: 0.750628 0.0154236 0.853998
centroid: 0.750706 0.0153993 0.854114
centroid: 0.750496 0.015411 0.853693
centroid: 0.750478 0.0155595 0.853558
centroid: 0.750594 0.0153446 0.854289
centroid: 0.750503 0.0154448 0.85385
centroid: 0.750534 0.0153915 0.854158
centroid: 0.750649 0.0153345 0.853936
centroid: 0.750584 0.0153745 0.854055
centroid: 0.750506 0.0154968 0.854083
centroid: 0.75053 0.0152027 0.854072
centroid: 0.750385 0.015269 0.85357
centroid: 0.750512 0.015445 0.853943
centroid: 0.750487 0.0154293 0.854156
centroid: 0.750428 0.0154579 0.853744
centroid: 0.750486 0.0154234 0.854019
centroid: 0.750469 0.015226 0.853935
centroid: 0.750619 0.0153045 0.854265
centroid: 0.750572 0.0153597 0.854113
centroid: 0.750517 0.0152256 0.854129
centroid: 0.750613 0.0155552 0.853993
centroid: 0.750663 0.0155379 0.854274
centroid: 0.750489 0.0154186 0.854174
centroid: 0.750546 0.015444 0.853754
centroid: 0.750471 0.0155074 0.853567
centroid: 0.750561 0.0154479 0.853521
centroid: 0.750591 0.0151979 0.853861
centroid: 0.750599 0.015427 0.854295
centroid: 0.750531 0.0156384 0.854008
centroid: 0.750673 0.0154273 0.854098
centroid: 0.750451 0.0153115 0.853691
centroid: 0.750551 0.0153747 0.854091
centroid: 0.750564 0.0151828 0.854175
centroid: 0.750468 0.0153843 0.853591
centroid: 0.750641 0.0154923 0.854311
centroid: 0.750172 0.0168293 0.854071
centroid: 0.750396 0.0165426 0.854111
centroid: 0.7501 0.0165775 0.853508
centroid: 0.750291 0.0168736 0.854
centroid: 0.750047 0.0177267 0.853784
centroid: 0.74947 0.0181147 0.85388
centroid: 0.750601 0.0155961 0.854251
centroid: 0.750592 0.0153778 0.853928
centroid: 0.750469 0.0153359 0.853777
centroid: 0.750622 0.0154195 0.85432
centroid: 0.750554 0.015292 0.854334
centroid: 0.750545 0.0154074 0.853737
centroid: 0.750595 0.015245 0.853973
centroid: 0.750521 0.0152379 0.854052
centroid: 0.750536 0.0154573 0.853877
centroid: 0.750628 0.015302 0.853659
centroid: 0.750585 0.0153765 0.854208
centroid: 0.750455 0.0149084 0.853917
centroid: 0.750639 0.0153611 0.854142
centroid: 0.750443 0.0153529 0.854045
centroid: 0.750561 0.0153021 0.854141
centroid: 0.750475 0.0152569 0.853812
centroid: 0.750726 0.0152914 0.85437
centroid: 0.750625 0.0154094 0.853961
centroid: 0.750581 0.0152157 0.854066
centroid: 0.75063 0.0152585 0.853918
centroid: 0.750609 0.0153968 0.854023
centroid: 0.750625 0.0153503 0.85419
centroid: 0.750649 0.0152459 0.853922
centroid: 0.750502 0.0154057 0.854311
centroid: 0.750481 0.0153231 0.854308
centroid: 0.750599 0.0152307 0.854081
centroid: 0.750681 0.0151871 0.85438
centroid: 0.750701 0.0152695 0.854206
centroid: 0.750536 0.0153879 0.854378
centroid: 0.750597 0.0151223 0.854202
centroid: 0.750486 0.0151591 0.854474
centroid: 0.75061 0.0152995 0.854369
centroid: 0.750432 0.0152766 0.853848
centroid: 0.750511 0.0152754 0.854299
centroid: 0.750417 0.015209 0.853708
centroid: 0.750601 0.0154262 0.854113
centroid: 0.750701 0.0152959 0.854279
centroid: 0.750456 0.0151641 0.854181
centroid: 0.750436 0.0152207 0.854103
centroid: 0.750667 0.0152036 0.854356
centroid: 0.750424 0.0151887 0.854188
centroid: 0.750614 0.0153874 0.854373
centroid: 0.750556 0.0153194 0.854345
centroid: 0.750538 0.0151328 0.85394
centroid: 0.750527 0.0151766 0.854322
centroid: 0.750501 0.0155265 0.854021
centroid: 0.750637 0.0153331 0.853932
centroid: 0.750633 0.0154085 0.85428
centroid: 0.750471 0.0156456 0.854462
centroid: 0.75041 0.0151925 0.853977
centroid: 0.750447 0.0151139 0.853714
centroid: 0.750383 0.0148237 0.853584
centroid: 0.7506 0.0153659 0.854154
centroid: 0.750534 0.0150231 0.85402
centroid: 0.750556 0.0153463 0.854167
centroid: 0.750481 0.0152821 0.854049
centroid: 0.750591 0.0148686 0.854435
centroid: 0.750658 0.015161 0.854133
centroid: 0.750526 0.015291 0.854191
centroid: 0.750789 0.0149021 0.854301
centroid: 0.750412 0.0152425 0.854414
centroid: 0.750333 0.0152614 0.853651
centroid: 0.75076 0.0150659 0.854687
centroid: 0.750484 0.0152419 0.854157
centroid: 0.750452 0.0154127 0.854022
centroid: 0.750455 0.0152546 0.854132
centroid: 0.750251 0.0154461 0.854159
centroid: 0.750343 0.0155559 0.853961
centroid: 0.75034 0.0153571 0.854029
centroid: 0.75064 0.0154835 0.85407
centroid: 0.750536 0.0152917 0.853692
centroid: 0.750437 0.0153092 0.854164
centroid: 0.750397 0.0152781 0.853659
centroid: 0.750428 0.0151717 0.854058
centroid: 0.750374 0.0153301 0.853851
centroid: 0.750452 0.0151114 0.854053
centroid: 0.750604 0.0154247 0.854365
centroid: 0.750409 0.015222 0.854066
centroid: 0.75058 0.0153867 0.854425
centroid: 0.750488 0.0153263 0.854036
centroid: 0.750515 0.0153518 0.854127
centroid: 0.750362 0.0155738 0.854144
centroid: 0.750378 0.0154632 0.853691
centroid: 0.750385 0.0153308 0.854374
centroid: 0.750445 0.0153063 0.854119
centroid: 0.750352 0.0153679 0.85397
centroid: 0.750413 0.0155179 0.854153
centroid: 0.750489 0.0153257 0.854242
centroid: 0.750303 0.0151793 0.85394
centroid: 0.750406 0.0154245 0.853837
centroid: 0.750466 0.015549 0.854175
centroid: 0.750442 0.0153852 0.853931
centroid: 0.750511 0.0154119 0.854339
centroid: 0.750547 0.0153993 0.854255
centroid: 0.750518 0.0154839 0.853914
centroid: 0.750606 0.0153743 0.854563
centroid: 0.750624 0.015125 0.854167
centroid: 0.750427 0.0153121 0.853856
centroid: 0.750428 0.0152639 0.854073
centroid: 0.75046 0.0152434 0.854236
centroid: 0.750518 0.0153106 0.854387
centroid: 0.750658 0.0154222 0.853689
centroid: 0.750443 0.0152798 0.853846
centroid: 0.750499 0.0153248 0.854344
centroid: 0.750508 0.0150673 0.853775
centroid: 0.750779 0.0152217 0.854123
centroid: 0.750529 0.0148807 0.853639
centroid: 0.750298 0.0152881 0.853841
centroid: 0.750696 0.0151795 0.854024
centroid: 0.750526 0.0154024 0.853945
centroid: 0.750754 0.0152888 0.854107
centroid: 0.750821 0.0155012 0.854161
centroid: 0.750765 0.0152372 0.854139
centroid: 0.750516 0.0154584 0.853784
centroid: 0.750506 0.0152089 0.85406
centroid: 0.750591 0.015578 0.853865
centroid: 0.750435 0.015489 0.853938
centroid: 0.750498 0.0154762 0.853992
centroid: 0.750715 0.0152082 0.854088
centroid: 0.75058 0.0153897 0.853609
centroid: 0.750364 0.0154308 0.854169
centroid: 0.750386 0.0154169 0.85432
centroid: 0.750406 0.0152295 0.853941
centroid: 0.750446 0.0152636 0.854128
centroid: 0.750492 0.0152279 0.854288
centroid: 0.750413 0.0153412 0.854278
centroid: 0.75043 0.0154233 0.853647
centroid: 0.750364 0.0152106 0.854083
centroid: 0.750534 0.0156242 0.854209
centroid: 0.750734 0.0153134 0.854388
centroid: 0.750469 0.0154616 0.853968
centroid: 0.75064 0.0156333 0.85447
centroid: 0.75059 0.0153707 0.853628
centroid: 0.750595 0.0153999 0.854226
centroid: 0.750412 0.0152204 0.853668
centroid: 0.750618 0.015557 0.854318
centroid: 0.750523 0.0153551 0.854113
centroid: 0.750581 0.0152114 0.854037
centroid: 0.750459 0.0154047 0.853897
centroid: 0.750519 0.0153909 0.853949
centroid: 0.750661 0.0156673 0.853914
centroid: 0.750598 0.0156678 0.853691
centroid: 0.750454 0.0154108 0.853758
centroid: 0.750605 0.0155302 0.85466
centroid: 0.750601 0.0156686 0.854343
centroid: 0.750469 0.0155938 0.853641
centroid: 0.750471 0.0155639 0.854038
centroid: 0.750473 0.0153365 0.853871
centroid: 0.750536 0.0155976 0.854247
centroid: 0.750515 0.0154818 0.854274
centroid: 0.75061 0.0154742 0.854644
centroid: 0.750534 0.0153624 0.853588
centroid: 0.750742 0.0157389 0.854018
centroid: 0.750536 0.0153832 0.854171
centroid: 0.750595 0.0153496 0.854189
centroid: 0.750578 0.0155324 0.853601
centroid: 0.750504 0.0153039 0.854079
centroid: 0.750507 0.0153653 0.853411
centroid: 0.750534 0.0153678 0.854083
centroid: 0.750573 0.0154619 0.854294
centroid: 0.750513 0.0153171 0.854092
centroid: 0.750402 0.0151241 0.853627
centroid: 0.75073 0.0153943 0.854071
centroid: 0.750541 0.0151796 0.85409
centroid: 0.750455 0.0152911 0.853648
centroid: 0.750617 0.0152857 0.854185
centroid: 0.750516 0.0152218 0.854164
centroid: 0.750649 0.0152586 0.854136
centroid: 0.750497 0.0152613 0.854091
centroid: 0.750431 0.0154337 0.85372
centroid: 0.750519 0.0152503 0.854246
centroid: 0.750524 0.0152215 0.853966
centroid: 0.75053 0.0151734 0.854287
centroid: 0.750526 0.0153027 0.853629
centroid: 0.750548 0.0151143 0.854091
centroid: 0.750536 0.0151549 0.854294
centroid: 0.750508 0.0151937 0.85405
centroid: 0.750678 0.0153078 0.853525
centroid: 0.750818 0.0152175 0.853977
centroid: 0.750529 0.0150927 0.854297
centroid: 0.750522 0.0151953 0.85407
centroid: 0.750647 0.0155628 0.854156
centroid: 0.750486 0.0152418 0.854023
centroid: 0.750532 0.0152912 0.854047
centroid: 0.750416 0.015534 0.85388
centroid: 0.750464 0.0153675 0.854113
centroid: 0.750413 0.0153032 0.85396
centroid: 0.750429 0.0159444 0.853645
centroid: 0.750389 0.0156988 0.853503
centroid: 0.750363 0.0155876 0.853843
centroid: 0.750301 0.0160452 0.853755
centroid: 0.750462 0.0155176 0.853965
centroid: 0.750213 0.0160257 0.853571
centroid: 0.750403 0.0154537 0.854115
centroid: 0.750147 0.0171376 0.853818
centroid: 0.749052 0.019927 0.853091
centroid: 0.750423 0.0154494 0.853573
centroid: 0.750575 0.0154324 0.854588
centroid: 0.750553 0.0152687 0.853993
centroid: 0.750442 0.015866 0.853789
centroid: 0.75078 0.0152093 0.853871
centroid: 0.750522 0.0153299 0.853922
centroid: 0.750463 0.0151847 0.854054
centroid: 0.750589 0.0156107 0.853736
centroid: 0.750559 0.0152649 0.853664
centroid: 0.750581 0.0149657 0.853873
centroid: 0.75072 0.0156466 0.854151
centroid: 0.750557 0.0152365 0.853962
centroid: 0.75057 0.0150517 0.853672
centroid: 0.750511 0.0152928 0.853679
centroid: 0.750748 0.0153431 0.853842
centroid: 0.750642 0.0153746 0.854341
centroid: 0.750423 0.0150805 0.854125
centroid: 0.750491 0.0152827 0.854087
centroid: 0.750445 0.0150858 0.8541
centroid: 0.750428 0.0152966 0.853989
centroid: 0.750603 0.0149295 0.854028
centroid: 0.750517 0.0153645 0.853715
centroid: 0.75057 0.0153857 0.853909
centroid: 0.750517 0.0152399 0.853892
centroid: 0.75059 0.0153974 0.854116
centroid: 0.750582 0.0153363 0.854149
centroid: 0.750496 0.0155018 0.854162
centroid: 0.750494 0.0150927 0.854169
centroid: 0.750198 0.0155324 0.85409
centroid: 0.750702 0.0159461 0.854551
centroid: 0.750148 0.0160085 0.853894
centroid: 0.750416 0.0159347 0.853863
centroid: 0.750255 0.0160199 0.853955
centroid: 0.750407 0.0154754 0.854063
centroid: 0.750597 0.0155827 0.854114
centroid: 0.750772 0.0154222 0.854186
centroid: 0.750468 0.0153919 0.853701
centroid: 0.750385 0.0156972 0.854224
centroid: 0.749603 0.0177471 0.853479
centroid: 0.749907 0.0167895 0.853867
centroid: 0.749547 0.0181155 0.853417
centroid: 0.750334 0.0163049 0.853557
centroid: 0.750478 0.0156054 0.854224
centroid: 0.750387 0.015688 0.853648
centroid: 0.75052 0.015347 0.853875
centroid: 0.750332 0.0162098 0.853783
centroid: 0.750294 0.0155327 0.853992
centroid: 0.750258 0.0164222 0.853716
centroid: 0.749748 0.0175373 0.853724
centroid: 0.749428 0.0178104 0.853418
centroid: 0.749824 0.0173941 0.853657
centroid: 0.750081 0.0165358 0.854094
centroid: 0.750318 0.0155787 0.854513
centroid: 0.750196 0.0158162 0.853588
centroid: 0.750311 0.0159661 0.853797
centroid: 0.750091 0.0164385 0.854029
centroid: 0.75028 0.0158835 0.85388
centroid: 0.75039 0.0157279 0.854149
centroid: 0.750188 0.0159092 0.853529
centroid: 0.750452 0.0156498 0.854109
centroid: 0.750315 0.0156978 0.854089
centroid: 0.750226 0.0155818 0.853948
centroid: 0.750447 0.0155325 0.854173
centroid: 0.750395 0.0157034 0.854238
centroid: 0.750079 0.0163727 0.853717
centroid: 0.750001 0.017374 0.853719
centroid: 0.750106 0.0164757 0.853916
centroid: 0.750238 0.0161423 0.853951
centroid: 0.750184 0.0162701 0.854196
centroid: 0.750023 0.0168287 0.85379
centroid: 0.75017 0.0164719 0.853594
centroid: 0.750361 0.0158402 0.853998
centroid: 0.750316 0.0155186 0.854414
centroid: 0.750387 0.0159278 0.85389
centroid: 0.750244 0.01618 0.853915
centroid: 0.750157 0.0158782 0.853629
centroid: 0.749546 0.0179354 0.853902
centroid: 0.750466 0.0153095 0.853959
centroid: 0.750444 0.0153968 0.854195
centroid: 0.750569 0.0151964 0.854183
centroid: 0.750507 0.0151404 0.854096
centroid: 0.750741 0.0155126 0.854205
centroid: 0.750851 0.0153494 0.854385
centroid: 0.750726 0.0152826 0.853782
centroid: 0.750485 0.0150355 0.85369
centroid: 0.75053 0.0153306 0.854283
centroid: 0.750575 0.0152727 0.854367
centroid: 0.750462 0.0154075 0.853507
centroid: 0.750493 0.0152654 0.854283
centroid: 0.750481 0.0152289 0.85407
centroid: 0.750584 0.0155689 0.85419
centroid: 0.750505 0.0154679 0.854134
centroid: 0.750465 0.0153853 0.853782
centroid: 0.750507 0.0151655 0.853886
centroid: 0.750494 0.0153013 0.854017
centroid: 0.750469 0.0152587 0.854282
centroid: 0.75058 0.0152967 0.854379
centroid: 0.746933 0.0234659 0.852628
centroid: 0.74997 0.0169918 0.854101
centroid: 0.749002 0.0193126 0.853606
centroid: 0.750143 0.0160961 0.853711
centroid: 0.750533 0.0153477 0.853894
centroid: 0.750491 0.0150245 0.85373
centroid: 0.750555 0.015363 0.853803
centroid: 0.750603 0.0155763 0.854123
centroid: 0.750499 0.0150553 0.853779
centroid: 0.750501 0.0154709 0.853555
centroid: 0.750559 0.015355 0.854142
centroid: 0.750587 0.0154813 0.854121
centroid: 0.750555 0.0153785 0.854142
centroid: 0.750363 0.0156236 0.854121
centroid: 0.750429 0.0155414 0.853573
centroid: 0.750486 0.0158842 0.853796
centroid: 0.750536 0.0152774 0.8541
