centroid: 0.683925 -0.00337181 0.881848
centroid: 0.682332 0.00191443 0.883188
centroid: 0.683998 -0.00389865 0.882091
centroid: 0.682394 0.00162362 0.883259
centroid: 0.682468 0.00135284 0.883697
centroid: 0.68272 0.000293247 0.883064
centroid: 0.682698 0.000203558 0.882436
centroid: 0.683953 -0.00362533 0.881861
centroid: 0.682469 0.00150635 0.883789
centroid: 0.682692 0.00036362 0.882717
centroid: 0.682337 0.00186053 0.883232
centroid: 0.682677 0.000612051 0.882747
centroid: 0.682665 0.000561687 0.882631
centroid: 0.683922 -0.00342497 0.881765
centroid: 0.682705 0.000258871 0.882846
centroid: 0.682685 0.000521405 0.882805
centroid: 0.682665 0.000539581 0.882601
centroid: 0.682398 0.00154671 0.883657
centroid: 0.683949 -0.00358861 0.881903
centroid: 0.682685 0.000404251 0.882659
centroid: 0.683967 -0.00372932 0.881942
centroid: 0.682395 0.00174107 0.883395
centroid: 0.682692 0.00036362 0.882717
centroid: 0.682705 0.000329241 0.882949
centroid: 0.682612 0.000804792 0.882372
centroid: 0.682359 0.00180515 0.883395
centroid: 0.683937 -0.00354826 0.881792
centroid: 0.682472 0.00143522 0.883788
centroid: 0.682381 0.00180359 0.883306
centroid: 0.682687 0.000309825 0.88257
centroid: 0.682699 0.000413567 0.882964
centroid: 0.682395 0.00172947 0.88338
centroid: 0.682331 0.00175947 0.883097
centroid: 0.682346 0.00180605 0.883306
centroid: 0.683931 -0.0035161 0.881765
centroid: 0.683927 -0.00349907 0.881778
centroid: 0.682378 0.0019637 0.883367
centroid: 0.682395 0.00172947 0.88338
centroid: 0.683936 -0.00354385 0.88182
centroid: 0.682384 0.00166935 0.88326
centroid: 0.682486 0.00138644 0.883951
centroid: 0.682359 0.00190235 0.883052
centroid: 0.682692 0.000386334 0.882703
centroid: 0.682392 0.00158245 0.883628
centroid: 0.682368 0.00191789 0.883218
centroid: 0.682278 0.00227052 0.882533
centroid: 0.682288 0.00211559 0.883014
centroid: 0.68389 -0.00351192 0.881294
centroid: 0.683953 -0.00353952 0.881958
centroid: 0.682687 0.000500081 0.88282
centroid: 0.682584 0.000944399 0.882169
centroid: 0.682332 0.0018919 0.883203
centroid: 0.682259 0.00214129 0.882747
centroid: 0.682478 0.00142569 0.883862
centroid: 0.682363 0.00192161 0.883098
centroid: 0.682371 0.00169909 0.883527
centroid: 0.682348 0.00177364 0.883306
centroid: 0.683984 -0.00372965 0.88219
centroid: 0.682395 0.00172947 0.88338
centroid: 0.682701 0.000363073 0.88292
centroid: 0.683949 -0.00358861 0.881903
centroid: 0.682687 0.00054145 0.882864
centroid: 0.682402 0.00146856 0.883714
centroid: 0.682359 0.00175607 0.88338
centroid: 0.682344 0.00180702 0.883276
centroid: 0.682278 0.00203389 0.882835
centroid: 0.683949 -0.00358861 0.881903
centroid: 0.683949 -0.00358861 0.881903
centroid: 0.683896 -0.00348849 0.881475
centroid: 0.682692 0.000386334 0.882703
centroid: 0.682625 0.000643648 0.88224
centroid: 0.682361 0.00172242 0.883379
centroid: 0.682377 0.00183384 0.883262
centroid: 0.682287 0.00195585 0.882879
centroid: 0.682363 0.00176373 0.883424
centroid: 0.682701 0.000277423 0.882861
centroid: 0.682333 0.0018813 0.883188
centroid: 0.683997 -0.00375354 0.882259
centroid: 0.682392 0.00158435 0.883093
