0 0.225 0.8
0 0.225 0.81
0 0.225 0.82
0 0.225 0.83
0 0.225 0.84
0 0.225 0.85
0 0.225 0.86
0 0.225 0.87
0 0.225 0.88
0 0.225 0.89
0 0.225 0.9
0 0.225 0.91
0 0.225 0.92
0 0.225 0.93
0.01 0.225 0.79
0.01 0.225 0.8
0.01 0.225 0.81
0.01 0.225 0.82
0.01 0.225 0.83
0.01 0.225 0.84
0.01 0.225 0.85
0.01 0.225 0.86
0.01 0.225 0.87
0.01 0.225 0.88
0.01 0.225 0.89
0.01 0.225 0.9
0.01 0.225 0.91
0.01 0.225 0.92
0.01 0.225 0.93
0.02 0.225 0.79
0.02 0.225 0.8
0.02 0.225 0.81
0.02 0.225 0.82
0.02 0.225 0.83
0.02 0.225 0.84
0.02 0.225 0.85
0.02 0.225 0.86
0.02 0.225 0.87
0.02 0.225 0.88
0.02 0.225 0.89
0.02 0.225 0.9
0.02 0.225 0.91
0.02 0.225 0.92
0.03 0.225 0.78
0.03 0.225 0.79
0.03 0.225 0.8
0.03 0.225 0.81
0.03 0.225 0.82
0.03 0.225 0.83
0.03 0.225 0.84
0.03 0.225 0.85
0.03 0.225 0.86
0.03 0.225 0.87
0.03 0.225 0.88
0.03 0.225 0.89
0.03 0.225 0.9
0.03 0.225 0.91
0.03 0.225 0.92
0.04 0.225 0.78
0.04 0.225 0.79
0.04 0.225 0.8
0.04 0.225 0.81
0.04 0.225 0.82
0.04 0.225 0.83
0.04 0.225 0.84
0.04 0.225 0.85
0.04 0.225 0.86
0.04 0.225 0.87
0.04 0.225 0.88
0.04 0.225 0.89
0.04 0.225 0.9
0.04 0.225 0.91
0.04 0.225 0.92
0.05 0.225 0.78
0.05 0.225 0.79
0.05 0.225 0.8
0.05 0.225 0.81
0.05 0.225 0.82
0.05 0.225 0.83
0.05 0.225 0.84
0.05 0.225 0.85
0.05 0.225 0.86
0.05 0.225 0.87
0.05 0.225 0.88
0.05 0.225 0.89
0.05 0.225 0.9
0.05 0.225 0.91
0.05 0.225 0.92
0.06 0.225 0.77
0.06 0.225 0.78
0.06 0.225 0.79
0.06 0.225 0.8
0.06 0.225 0.81
0.06 0.225 0.82
0.06 0.225 0.83
0.06 0.225 0.84
0.06 0.225 0.85
0.06 0.225 0.86
0.06 0.225 0.87
0.06 0.225 0.88
0.06 0.225 0.89
0.06 0.225 0.9
0.06 0.225 0.91
0.07 0.225 0.77
0.07 0.225 0.78
0.07 0.225 0.79
0.07 0.225 0.8
0.07 0.225 0.81
0.07 0.225 0.82
0.07 0.225 0.83
0.07 0.225 0.84
0.07 0.225 0.85
0.07 0.225 0.86
0.07 0.225 0.87
0.07 0.225 0.88
0.07 0.225 0.89
0.07 0.225 0.9
0.07 0.225 0.91
0.08 0.225 0.77
0.08 0.225 0.78
0.08 0.225 0.79
0.08 0.225 0.8
0.08 0.225 0.81
0.08 0.225 0.82
0.08 0.225 0.83
0.08 0.225 0.84
0.08 0.225 0.85
0.08 0.225 0.86
0.08 0.225 0.87
0.08 0.225 0.88
0.08 0.225 0.89
0.08 0.225 0.9
0.08 0.225 0.91
0.09 0.225 0.77
0.09 0.225 0.78
0.09 0.225 0.79
0.09 0.225 0.8
0.09 0.225 0.81
0.09 0.225 0.82
0.09 0.225 0.83
0.09 0.225 0.84
0.09 0.225 0.85
0.09 0.225 0.86
0.09 0.225 0.87
0.09 0.225 0.88
0.09 0.225 0.89
0.09 0.225 0.9
0.09 0.225 0.91
0.1 0.225 0.76
0.1 0.225 0.77
0.1 0.225 0.78
0.1 0.225 0.79
0.1 0.225 0.8
0.1 0.225 0.81
0.1 0.225 0.82
0.1 0.225 0.83
0.1 0.225 0.84
0.1 0.225 0.85
0.1 0.225 0.86
0.1 0.225 0.87
0.1 0.225 0.88
0.1 0.225 0.89
0.1 0.225 0.9
0.1 0.225 0.91
0.11 0.225 0.76
0.11 0.225 0.77
0.11 0.225 0.78
0.11 0.225 0.79
0.11 0.225 0.8
0.11 0.225 0.81
0.11 0.225 0.82
0.11 0.225 0.83
0.11 0.225 0.84
0.11 0.225 0.85
0.11 0.225 0.86
0.11 0.225 0.87
0.11 0.225 0.88
0.11 0.225 0.89
0.11 0.225 0.9
0.11 0.225 0.91
0.12 0.225 0.76
0.12 0.225 0.77
0.12 0.225 0.78
0.12 0.225 0.79
0.12 0.225 0.8
0.12 0.225 0.81
0.12 0.225 0.82
0.12 0.225 0.83
0.12 0.225 0.84
0.12 0.225 0.85
0.12 0.225 0.86
0.12 0.225 0.87
0.12 0.225 0.88
0.12 0.225 0.89
0.12 0.225 0.9
0.12 0.225 0.91
0.13 0.225 0.76
0.13 0.225 0.77
0.13 0.225 0.78
0.13 0.225 0.79
0.13 0.225 0.8
0.13 0.225 0.81
0.13 0.225 0.82
0.13 0.225 0.83
0.13 0.225 0.84
0.13 0.225 0.85
0.13 0.225 0.86
0.13 0.225 0.87
0.13 0.225 0.88
0.13 0.225 0.89
0.13 0.225 0.9
0.13 0.225 0.91
0.14 0.225 0.76
0.14 0.225 0.77
0.14 0.225 0.78
0.14 0.225 0.79
0.14 0.225 0.8
0.14 0.225 0.81
0.14 0.225 0.82
0.14 0.225 0.83
0.14 0.225 0.84
0.14 0.225 0.85
0.14 0.225 0.86
0.14 0.225 0.87
0.14 0.225 0.88
0.14 0.225 0.89
0.14 0.225 0.9
0.14 0.225 0.91
0.15 0.225 0.76
0.15 0.225 0.77
0.15 0.225 0.78
0.15 0.225 0.79
0.15 0.225 0.8
0.15 0.225 0.81
0.15 0.225 0.82
0.15 0.225 0.83
0.15 0.225 0.84
0.15 0.225 0.85
0.15 0.225 0.86
0.15 0.225 0.87
0.15 0.225 0.88
0.15 0.225 0.89
0.15 0.225 0.9
0.15 0.225 0.91
0.16 0.225 0.76
0.16 0.225 0.77
0.16 0.225 0.78
0.16 0.225 0.79
0.16 0.225 0.8
0.16 0.225 0.81
0.16 0.225 0.82
0.16 0.225 0.83
0.16 0.225 0.84
0.16 0.225 0.85
0.16 0.225 0.86
0.16 0.225 0.87
0.16 0.225 0.88
0.16 0.225 0.89
0.16 0.225 0.9
0.16 0.225 0.91
0.17 0.225 0.76
0.17 0.225 0.77
0.17 0.225 0.78
0.17 0.225 0.79
0.17 0.225 0.8
0.17 0.225 0.81
0.17 0.225 0.82
0.17 0.225 0.83
0.17 0.225 0.84
0.17 0.225 0.85
0.17 0.225 0.86
0.17 0.225 0.87
0.17 0.225 0.88
0.17 0.225 0.89
0.17 0.225 0.9
0.17 0.225 0.91
